0.	Indeterminate	Indeterminate
0.0001	4.102059224980866e-23	-1.0012247516448581e-23
0.0002	3.822806245985436e-23	-1.9709840874319815e-23
0.00030000000000000003	3.365661033769913e-23	-2.8785737763652e-23
0.0004	2.7428405954378946e-23	-3.694795391792125e-23
0.0005	1.9710577846802305e-23	-4.3926681413482494e-23
0.0006000000000000001	1.0711402621671181e-23	-4.948092358834752e-23
0.0007	6.75545286192785e-25	-5.340450106055375e-23
0.0008	-1.012154903382621e-23	-5.553129630214763e-23
0.0009000000000000001	-2.137999319437425e-23	-5.573961995157345e-23
0.001	-3.278239143411056e-23	-5.395560021067844e-23
0.0011	-4.400122056546962e-23	-5.0155516909250747e-23
0.0012000000000000001	-5.470650145304995e-23	-4.436702372481378e-23
0.0013000000000000002	-6.45735964916956e-23	-3.66692251792225e-23
0.0014	-7.329096536499072e-23	-2.719159893206703e-23
0.0015	-8.056771136452363e-23	-1.6111778073493784e-23
0.0016	-8.61407539914005e-23	-3.6522320985952185e-24
0.0017000000000000001	-8.97814703857734e-23	9.92409146231258e-24
0.0018000000000000002	-9.130165821177102e-23	2.4319080650216624e-23
0.0019	-9.055868577322474e-23	3.92056232897597e-23
0.002	-8.745971109750412e-23	5.423449868140849e-23
0.0021000000000000003	-8.19648701914566e-23	6.904185756147643e-23
0.0022	-7.408935528499283e-23	8.325713777494734e-23
0.0023	-6.390432623057216e-23	9.651125278638294e-23
0.0024000000000000002	-5.153662188107943e-23	1.0844488307957652e-22
0.0025	-3.7167262757196134e-23	1.1871669682526835e-22
0.0026000000000000003	-2.1028761152902187e-23	1.2701132601963693e-22
0.0027	-3.401279519786327e-24	1.330469276372101e-22
0.0028	1.53922979762083e-23	1.365821661536892e-22
0.0029000000000000002	3.4992292901375464e-23	1.3742246396164794e-22
0.003	5.500904983497098e-23	1.3542537954318084e-22
0.0031000000000000003	7.503051498983898e-23	1.3050498953299383e-22
0.0032	9.463043077027738e-23	1.2263516969902962e-22
0.0033	1.1337698672386815e-22	1.118516910282771e-22
0.0034000000000000002	1.3084175626986932e-22	9.825307012938973e-23
0.0035	1.4660874081929042e-22	8.200013760892162e-23
0.0036000000000000003	1.6028333861767482e-22	6.331431347195628e-23
0.0037	1.7150105495047882e-22	4.2474604447085545e-23
0.0038	1.799357732928103e-22	1.9813363934795317e-23
0.0039000000000000003	1.853074135296086e-22	-4.289119479814068e-24
0.004	1.873888134181711e-22	-2.9411114823766616e-23
0.0041	1.8601168284264547e-22	-5.509691006922821e-23
0.004200000000000001	1.810714968843408e-22	-8.08651085757386e-23
0.0043	1.7253121300555166e-22	-1.0621760897274908e-22
0.0044	1.6042371936510018e-22	-1.3064910135852518e-22
0.0045000000000000005	1.448529450484285e-22	-1.5365690034658272e-22
0.0046	1.2599358835924827e-22	-1.7475092652133982e-22
0.0047	1.0408944580513998e-22	-1.9346364247249075e-22
0.0048000000000000004	7.945035151307481e-23	-2.0935974789708586e-22
0.0049	5.244776401431207e-23	-2.2204544035329795e-22
0.005	2.3509064117885573e-23	-2.3117705411212155e-22
0.0051	-6.889346571104369e-24	-2.3646889910233054e-22
0.005200000000000001	-3.8230032542486943e-23	-2.3770013502828776e-22
0.0053	-6.996346027330748e-23	-2.3472053213939114e-22
0.0054	-1.0151772662574212e-22	-2.274549895591224e-22
0.0055000000000000005	-1.3230890594645187e-22	-2.1590670419604673e-22
0.0056	-1.6175182788840139e-22	-2.0015890766053e-22
0.0057	-1.8927108723270805e-22	-1.8037511485495874e-22
0.0058000000000000005	-2.1431207991053906e-22	-1.5679785550930636e-22
0.0059	-2.363518561802938e-22	-1.2974588838638087e-22
0.006	-2.549095825987673e-22	-9.960992665061311e-23
0.0061	-2.6955640905881163e-22	-6.684693143974607e-23
0.006200000000000001	-2.7992454569790083e-22	-3.197305845950025e-23
0.0063	-2.8571536678598935e-22	4.444631092932383e-24
0.0064	-2.8670637457938663e-22	4.1797559289562804e-23
0.006500000000000001	-2.8275687531379494e-22	7.944596153231262e-23
0.0066	-2.738122416740844e-22	1.1672997985661983e-22
0.0067	-2.5990666083263505e-22	1.5298132486418616e-22
0.0068000000000000005	-2.4116429405285444e-22	1.875352985677829e-22
0.006900000000000001	-2.177988024272369e-22	2.1974296105588916e-22
0.007	-1.9011122304303982e-22	2.4898321844546893e-22
0.0071	-1.584862102011407e-22	2.7467460822316353e-22
0.007200000000000001	-1.2338668669769717e-22	2.962865608398227e-22
0.0073	-8.534698005156777e-23	3.1334992330562437e-22
0.0074	-4.496454736639165e-23	3.254665414418338e-22
0.007500000000000001	-2.8904197137736493e-24	3.3231771221420873e-22
0.0076	4.018147800192868e-23	3.3367133596353353e-22
0.0077	8.352595326576516e-23	3.293876200536902e-22
0.0078000000000000005	1.263989203971192e-22	3.1942321010687864e-22
0.0079	1.6805030934102591e-22	3.038336521622928e-22
0.008	2.0773728266014657e-22	2.827741183027339e-22
0.0081	2.4473752631109454e-22	2.564983590267183e-22
0.0082	2.783623757016512e-22	2.253558773534794e-22
0.0083	3.0796953873116055e-22	1.8978735176524893e-22
0.008400000000000001	3.329751820470419e-22	1.5031836703428973e-22
0.0085	3.5286515555934996e-22	1.0755154316963074e-22
0.0086	3.67205143218027e-22	6.215718257828459e-23
0.008700000000000001	3.7564954497299546e-22	1.4862583516323544e-23
0.0088	3.7794891543171993e-22	-3.355980651491031e-23
0.0089	3.7395580865990513e-22	-8.230520107416223e-23
0.009000000000000001	3.636289054337792e-22	-1.3055003305017226e-22
0.0091	3.4703532858641688e-22	-1.774660294651465e-22
0.0092	3.243510833877157e-22	-2.2223455968775004e-22
0.009300000000000001	2.9585959261133724e-22	-2.640610064807821e-22
0.0094	2.6194832949644196e-22	-3.021889062666914e-22
0.0095	2.231035856129759e-22	-3.3591360644921525e-22
0.009600000000000001	1.7990344408402017e-22	-3.645951935900279e-22
0.0097	1.330090611072154e-22	-3.876704566330631e-22
0.0098	8.315438966292317e-23	-4.046636640439273e-22
0.0099	3.11345081368827e-23	-4.1519595245809734e-22
0.01	-2.220725720901175e-23	-4.1899314690615703e-22
0.010100000000000001	-7.599320389731145e-23	-4.158918585352398e-22
0.0102	-1.2932588747090066e-22	-4.058437345389464e-22
0.0103	-1.8130327113560877e-22	-3.8891776625414003e-22
0.010400000000000001	-2.310341322556865e-22	-3.6530059454660585e-22
0.0105	-2.776534602214631e-22	-3.352947861158542e-22
0.0106	-3.2033757789350865e-22	-2.993150896024453e-22
0.010700000000000001	-3.5831872119717553e-22	-2.5788271576258223e-22
0.0108	-3.9089881848595686e-22	-2.1161772086200013e-22
0.0109	-4.1746222291945025e-22	-1.6122960621720703e-22
0.011000000000000001	-4.374871671382407e-22	-1.0750627887594202e-22
0.0111	-4.505557297117216e-22	-5.1301548206002514e-23
0.0112	-4.563621268589979e-22	6.4786398847807635e-24
0.011300000000000001	-4.547191704017938e-22	6.489100573506871e-23
0.0114	-4.455627633436156e-22	1.2297053047027688e-22
0.0115	-4.2895433736835375e-22	1.7974658127401998e-22
0.011600000000000001	-4.0508117135542785e-22	2.34259295020332e-22
0.0117	-3.7425456612247573e-22	2.8557594119599614e-22
0.0118	-3.3690588740948494e-22	3.3280698313512594e-22
0.0119	-2.93580525974036e-22	3.7512155953648127e-22
0.012	-2.449298599355796e-22	4.117621160162444e-22
0.012100000000000001	-1.9170133955404697e-22	4.420579289588407e-22
0.0122	-1.3472684783945481e-22	4.654372809769381e-22
0.0123	-7.490952117802973e-23	4.814380686102298e-22
0.012400000000000001	-1.3209241979702984e-23	4.897166481366148e-22
0.0125	4.9372960296637886e-23	4.900547541248608e-22
0.0126	1.1181134294056383e-22	4.823643571478618e-22
0.012700000000000001	1.7307244565048252e-22	4.666903613682783e-22
0.0128	2.3213236352296084e-22	4.432110789262522e-22
0.0129	2.8799400607281936e-22	4.122364555883515e-22
0.013000000000000001	3.3970404917458594e-22	3.7420406031903243e-22
0.0131	3.863692900152331e-22	3.296728896571618e-22
0.0132	4.271721233296346e-22	2.793150753637817e-22
0.013300000000000001	4.613848702394341e-22	2.239056201047508e-22
0.0134	4.883827087345912e-22	1.6431032031363337e-22
0.0135	5.076549769447021e-22	1.0147206724730297e-22
0.013600000000000001	5.188146464880815e-22	3.6395746040547754e-23
0.0137	5.2160579293336145e-22	-2.9868022221508826e-23
0.013800000000000002	5.159089232701595e-22	-9.624002921194737e-23
0.013900000000000001	5.017440557161461e-22	-1.616302358794519e-22
0.014	4.792714845950905e-22	-2.249558417509563e-22
0.014100000000000001	4.4879020177568875e-22	-2.8515936489154764e-22
0.0142	4.1073398560996095e-22	-3.4122642838095635e-22
0.0143	3.656652077842085e-22	-3.922029523030026e-22
0.014400000000000001	3.1426644732338786e-22	-4.372114585011975e-22
0.0145	2.573300385080724e-22	-4.754662086134705e-22
0.0146	1.9574571502864423e-22	-5.062869139586851e-22
0.014700000000000001	1.3048654570146966e-22	-5.29110778421882e-22
0.0148	6.259338693550335e-23	-5.435026622109306e-22
0.0149	-6.841896654992124e-24	-5.491631847992353e-22
0.015000000000000001	-7.669417000442791e-23	-5.459346190274836e-22
0.0151	-1.4582343264537123e-22	-5.338044646559314e-22
0.0152	-2.1309358722176586e-22	-5.129066280339783e-22
0.015300000000000001	-2.773912599327235e-22	-4.835201743455147e-22
0.0154	-3.37644358882087e-22	-4.4606565943015685e-22
0.0155	-3.9284005909020383e-22	-4.010990887905763e-22
0.015600000000000001	-4.420419109521038e-22	-3.4930359138973428e-22
0.015700000000000002	-4.844057820860855e-22	-2.9147893454216497e-22
0.0158	-5.191943606063377e-22	-2.2852904295342937e-22
0.0159	-5.45789970586928e-22	-1.6144771913514437e-22
0.016	-5.63705477497145e-22	-9.130279343482036e-23
0.0161	-5.725930922413848e-22	-1.9218959236639292e-23
0.0162	-5.722509166258294e-22	5.364042796117356e-23
0.016300000000000002	-5.62627110037055e-22	1.2609229030886402e-22
0.0164	-5.438215962435277e-22	1.969531952458081e-22
0.0165	-5.16085269871014e-22	2.6505883152584787e-22
0.0166	-4.798167035808898e-22	3.292832709095865e-22
0.0167	-4.355563986039547e-22	3.8855769496147453e-22
0.016800000000000002	-3.8397866235492927e-22	4.418882739067651e-22
0.016900000000000002	-3.258812366848773e-22	4.88372897274703e-22
0.017	-2.6217283824976773e-22	5.272164738831745e-22
0.0171	-1.9385880784307566e-22	5.57744541324606e-22
0.0172	-1.220250977590783e-22	5.7941495213110995e-22
0.0173	-4.7820854773415703e-23	5.918274347909558e-22
0.017400000000000002	2.756011933929721e-23	5.9473086225356475e-22
0.0175	1.0289872810352252e-22	5.880280979319371e-22
0.0176	1.7697044503046945e-22	5.717783288751191e-22
0.0177	2.4856535670033453e-22	5.461968370847903e-22
0.0178	3.1650805406011606e-22	5.1165220220586175e-22
0.0179	3.796770430440964e-22	4.686609713301595e-22
0.018000000000000002	4.370233523746899e-22	4.1787987370800914e-22
0.0181	4.875880285198286e-22	3.60095699063716e-22
0.0182	5.305182250826672e-22	2.962129972740535e-22
0.0183	5.650816161068984e-22	2.2723979373974073e-22
0.0184	5.906788895409526e-22	1.5427154824370212e-22
0.018500000000000003	6.068541079843446e-22	7.847361488287379e-23
0.018600000000000002	6.133027583378118e-22	1.0624862780300213e-24
0.0187	6.0987734953271285e-22	-7.671387372757255e-23
0.0188	5.965904575092706e-22	-1.5359628863499965e-22
0.0189	5.736151583908832e-22	-2.2833488809131984e-22
0.019	5.412828336748865e-22	-2.997095505525904e-22
0.019100000000000002	5.000783745214063e-22	-3.6654993363538003e-22
0.019200000000000002	4.506328551558204e-22	-4.27754761738684e-22
0.0193	3.9371378729541093e-22	-4.823100517448534e-22
0.0194	3.3021310767145316e-22	-5.293059741338867e-22
0.0195	2.611330884759571e-22	-5.679520684093462e-22
0.0196	1.8757039528780552e-22	-5.975905579912565e-22
0.019700000000000002	1.1069854814535423e-22	-6.177075402581967e-22
0.0198	3.1749068409792654e-23	-6.279418617226178e-22
0.0199	-4.800838354915262e-23	-6.280915258421105e-22
0.02	-1.2728655739538163e-22	-6.181175210922974e-22
0.0201	-2.0480151399580738e-22	-5.981449989978178e-22
0.020200000000000003	-2.7929353744420554e-22	-5.684617751464618e-22
0.020300000000000002	-3.495477155946844e-22	-5.2951417008598235e-22
0.0204	-4.1441385131697346e-22	-4.819002507013451e-22
0.0205	-4.728253768080265e-22	-4.263605754716325e-22
0.0206	-5.238169588262799e-22	-3.6376658820356686e-22
0.0207	-5.665405034108001e-22	-2.95106843751298e-22
0.020800000000000003	-6.00279294176868e-22	-2.2147128521435095e-22
0.020900000000000002	-6.244600282310292e-22	-1.44033824560097e-22
0.021	-6.386625476376938e-22	-6.403350700306714e-23
0.0211	-6.4262710164583685e-22	1.7245436683299416e-23
0.0212	-6.36259014941288e-22	9.84943268466355e-23
0.0213	-6.196306793739332e-22	1.784012239134283e-22
0.021400000000000002	-5.929808302304425e-22	2.5567222476831124e-22
0.021500000000000002	-5.567111124675834e-22	3.290525191948275e-22
0.0216	-5.11379986661796e-22	3.973468622031677e-22
0.0217	-4.576940680393919e-22	4.594391269022927e-22
0.0218	-3.964970341114381e-22	5.143106169163933e-22
0.0219	-3.2875627645411645e-22	5.610568369720234e-22
0.022000000000000002	-2.555475093889474e-22	5.989024448790625e-22
0.0221	-1.780375821133935e-22	6.272141372998988e-22
0.0222	-9.746577065127705e-23	6.455112549756816e-22
0.0223	-1.5123851339924287e-23	6.534739299166072e-22
0.0224	6.766472197566677e-23	6.509486368667048e-22
0.022500000000000003	1.4956619965345152e-22	6.379510534742739e-22
0.022600000000000002	2.2925812975650114e-22	6.146661773505576e-22
0.0227	3.054508121677704e-22	5.814456928669296e-22
0.0228	3.7690826380642183e-22	5.388026253948837e-22
0.0229	4.4246835281688e-22	4.874033649993391e-22
0.023	5.010617725846494e-22	4.280571846284456e-22
0.023100000000000002	5.517295448112979e-22	3.6170341889642134e-22
0.023200000000000002	5.936387643612661e-22	2.8939650795590053e-22
0.0233	6.26096326797398e-22	2.122891460713895e-22
0.0234	6.485604119948279e-22	1.3161380575782901e-22
0.0235	6.60649533438611e-22	4.8662935221931833e-23
0.0236	6.621490021813202e-22	-3.523185110503541e-23
0.023700000000000002	6.53014696323202e-22	-1.1872125229208498e-22
0.0238	6.333740705977875e-22	-2.0046008284788672e-22
0.0239	6.035243854878789e-22	-2.791290431016849e-22
0.024	5.639281805294545e-22	-3.534561042844793e-22
0.0241	5.152060613460203e-22	-4.2223716036867017e-22
0.024200000000000003	4.581269137600394e-22	-4.8435561020231e-22
0.024300000000000002	3.9359570033536354e-22	-5.388005504492012e-22
0.0244	3.2263903422734135e-22	-5.846832820467072e-22
0.0245	2.4638876160855125e-22	-6.212518599619548e-22
0.0246	1.6606381660089864e-22	-6.479034475271587e-22
0.0247	8.295064104295724e-23	-6.641942720563307e-22
0.024800000000000003	-1.6175149120317556e-24	-6.698470172144233e-22
0.024900000000000002	-8.628207682739299e-23	-6.64755529096702e-22
0.025	-1.696810669873206e-22	-6.489867565068239e-22
0.0251	-2.504711072487799e-22	-6.227798907886046e-22
0.0252	-3.2734914691984864e-22	-5.865427160387565e-22
0.0253	-3.9907356295308227e-22	-5.408452258650447e-22
0.025400000000000002	-4.644842895952725e-22	-4.864106073177604e-22
0.025500000000000002	-5.225216500748964e-22	-4.241037354867138e-22
0.0256	-5.722435836878891e-22	-3.549173628217418e-22
0.0257	-6.128409874264356e-22	-2.799562248396415e-22
0.0258	-6.436509216681885e-22	-2.0041931790967046e-22
0.025900000000000003	-6.641674639126158e-22	-1.1758063470697238e-22
0.026000000000000002	-6.740500325589095e-22	-3.2768668198807e-23
0.0261	-6.731290436491956e-22	5.265498473229701e-23
0.0262	-6.614088066872607e-22	1.373175740536025e-22
0.0263	-6.390676103850527e-22	2.1985734650419174e-22
0.0264	-6.064549947593138e-22	2.9894553595399084e-22
0.026500000000000003	-5.640862516578801e-22	3.733078378193028e-22
0.026600000000000002	-5.126342407963329e-22	4.4174501928656515e-22
0.0267	-4.529186519983502e-22	5.031523308922914e-22
0.0268	-3.8589288584683613e-22	5.565374042453111e-22
0.0269	-3.1262876369160406e-22	6.010363450472537e-22
0.027	-2.342993132911983e-22	6.35927759674963e-22
0.027100000000000003	-1.5215990771551445e-22	6.606444869623899e-22
0.027200000000000002	-6.752806199043469e-23	6.747828439188077e-22
0.0273	1.8237786112909146e-23	6.78109234343001e-22
0.0274	1.0376016811144055e-22	6.705640119863747e-22
0.0275	1.8766479556717715e-22	6.522625343886453e-22
0.027600000000000003	2.686027301485902e-22	6.234933890352025e-22
0.027700000000000002	3.4527215409069474e-22	5.847138193256078e-22
0.027800000000000002	4.1643938848945816e-22	5.3654242325299475e-22
0.0279	4.809588189338653e-22	4.797492419357435e-22
0.028	5.37791405578262e-22	4.152433974963587e-22
0.0281	5.860214776038976e-22	3.4405847955914744e-22
0.028200000000000003	6.248715397420324e-22	2.673359161905179e-22
0.028300000000000002	6.537148506817042e-22	1.8630659783916584e-22
0.0284	6.720855692419699e-22	1.022710512148248e-22
0.0285	6.7968630356551835e-22	1.6578483612015325e-23
0.0286	6.763929406490512e-22	-6.939496344500832e-23
0.0287	6.622566775822161e-22	-1.5426839948697827e-22
0.028800000000000003	6.375032212058328e-22	-2.366784503989601e-22
0.028900000000000002	6.025291687848088e-22	-3.153012434775484e-22
0.029	5.578956279761721e-22	-3.888737564935745e-22
0.0291	5.0431917911548e-22	-4.562141852864344e-22
0.0292	4.426603259185364e-22	-5.162410003014945e-22
0.029300000000000003	3.739096213999499e-22	-5.679903837164377e-22
0.029400000000000003	2.9917169348400047e-22	-6.106317650413832e-22
0.029500000000000002	2.1964742881445223e-22	-6.434812038943701e-22
0.0296	1.366146031056676e-22	-6.660124035477956e-22
0.0297	5.1407271532528325e-23	-6.778651772456918e-22
0.0298	-3.460574727674433e-23	-6.788512305818859e-22
0.029900000000000003	-1.20042945428823e-22	-6.689571667343095e-22
0.030000000000000002	-2.0353240091860765e-22	-6.4834466636375235e-22
0.030100000000000002	-2.8373389332973475e-22	-6.1734783977484465e-22
0.0302	-3.593605023112438e-22	-5.7646779475876665e-22
0.0303	-4.291993395119033e-22	-5.263645086467004e-22
0.0304	-4.921310787731898e-22	-4.678461367673876e-22
0.030500000000000003	-5.471479689379919e-22	-4.0185593101229096e-22
0.030600000000000002	-5.9337003830629725e-22	-3.294569808933848e-22
0.0307	-6.300592291590956e-22	-2.518150247037961e-22
0.0308	-6.566312343987972e-22	-1.7017960958873703e-22
0.0309	-6.726648456715462e-22	-8.586390599719744e-23
0.031	-6.779086627359703e-22	-2.2350368191003777e-25
0.031100000000000003	-6.722850566670948e-22	8.536546720530439e-23
0.031200000000000002	-6.558913240365438e-22	1.6952853557799631e-22
0.0313	-6.289980147660242e-22	2.5091505005267074e-22
0.031400000000000004	-5.920444621697952e-22	3.282199421663828e-22
0.0315	-5.456315890384269e-22	4.002047401958386e-22
0.0316	-4.9051210773385335e-22	4.657174939249976e-22
0.0317	-4.275782744479853e-22	5.237112885420198e-22
0.0318	-3.578473973387575e-22	5.73261048896771e-22
0.031900000000000005	-2.8244533455664903e-22	6.135783632395141e-22
0.032	-2.0258825062245072e-22	6.440240878346159e-22
0.032100000000000004	-1.1956292768778488e-22	6.641185299731497e-22
0.0322	-3.4705951449269265e-23	6.735490463056834e-22
0.0323	5.061789048076377e-23	6.721749354393698e-22
0.0324	1.3503764740871512e-22	6.600295477062479e-22
0.0325	2.171983244250446e-22	6.373195801970654e-22
0.032600000000000004	2.9578272309557164e-22	6.044215708305758e-22
0.0327	3.695326505636721e-22	5.618756506494223e-22
0.0328	4.372691541761466e-22	5.103766579610563e-22
0.0329	4.979114548368057e-22	4.507627606539963e-22
0.033	5.504942736814041e-22	3.8400177332167066e-22
0.033100000000000004	5.941832730034623e-22	3.111753930643136e-22
0.0332	6.282883632111202e-22	2.3346161140956735e-22
0.0333	6.522746624548596e-22	1.5211558915111015e-22
0.0334	6.657709338647652e-22	6.844930557652659e-23
0.0335	6.685753664475303e-22	-1.618968685724492e-23
0.033600000000000005	6.606586089463886e-22	-1.0044005715492063e-22
0.0337	6.421640106555988e-22	-1.8294868591403392e-22
0.033800000000000004	6.13405068575863e-22	-2.623924943504822e-22
0.0339	5.748601256585779e-22	-3.3749975861594503e-22
0.034	5.271644094756994e-22	-4.070705645567665e-22
0.0341	4.710995437430742e-22	-4.699960724164463e-22
0.0342	4.075807060170034e-22	-5.252762806993146e-22
0.034300000000000004	3.3764164291263067e-22	-5.720360031640956e-22
0.0344	2.624177887409943e-22	-6.095388022955191e-22
0.0345	1.8312776396974686e-22	-6.371986561261264e-22
0.0346	1.0105355588681359e-22	-6.545891723988742e-22
0.0347	1.7519704867788706e-23	-6.61450204164887e-22
0.034800000000000005	-6.612816462080917e-23	-6.5769176334284025e-22
0.0349	-1.4854511896123059e-22	-6.4339517283272125e-22
0.035	-2.284086424582285e-22	-6.188114427560666e-22
0.0351	-3.0443996401950996e-22	-5.843569015529466e-22
0.0352	-3.7542463793922242e-22	-5.406061572652911e-22
0.035300000000000005	-4.4023204592445435e-22	-4.8828250764989225e-22
0.0354	-4.978335055568503e-22	-4.282459590866423e-22
0.035500000000000004	-5.473186935399907e-22	-3.6147905290603963e-22
0.0356	-5.879101199642403e-22	-2.890707331269014e-22
0.0357	-6.189754219633529e-22	-2.121985210964565e-22
0.0358	-6.400372810105893e-22	-1.3210928965130053e-22
0.0359	-6.507808071158218e-22	-5.009895173088067e-23
0.036000000000000004	-6.510582746973149e-22	3.250860448244735e-23
0.0361	-6.40891138231e-22	1.1438299012569558e-22
0.0362	-6.204693002150178e-22	1.9420885007964262e-22
0.0363	-5.901476488002923e-22	2.7070710706646102e-22
0.0364	-5.504399268952622e-22	3.426555706011713e-22
0.036500000000000005	-5.020100379280317e-22	4.089085769683744e-22
0.0366	-4.456609350338698e-22	4.684153428212186e-22
0.0367	-3.8232127955225184e-22	5.20236736582067e-22
0.0368	-3.130300907290147e-22	5.635601982030827e-22
0.0369	-2.389196408405345e-22	5.977125685810554e-22
0.037000000000000005	-1.6119687806476992e-22	6.221706245037171e-22
0.0371	-8.11236828644735e-23	6.365691528623807e-22
0.037200000000000004	3.717955404818079e-27	6.407064383721639e-22
0.0373	8.087584229486974e-23	6.345470815284863e-22
0.0374	1.60191204172554e-22	6.182221072969144e-22
0.0375	2.3667737890728326e-22	5.920263693631404e-22
0.0376	3.09111539286269e-22	5.564132989327842e-22
0.037700000000000004	3.7634012936010385e-22	5.119870903427349e-22
0.0378	4.372973573671499e-22	4.594924574181595e-22
0.0379	4.910222093387316e-22	3.998021339011267e-22
0.038	5.366737098333225e-22	3.339023277454085e-22
0.0381	5.735441855750761e-22	2.628763720237022e-22
0.038200000000000005	6.010703210391396e-22	1.8788684409385959e-22
0.0383	6.188418316791803e-22	1.1015644905214024e-22
0.038400000000000004	6.266076199223184e-22	3.0947982972524183e-23
0.0385	6.242793206095569e-22	-4.8456294319317336e-23
0.0386	6.119321855478875e-22	-1.2677553838425553e-22
0.038700000000000005	5.898033005535904e-22	-2.0275110944109568e-22
0.0388	5.582871720837906e-22	-2.751669323872341e-22
0.038900000000000004	5.179287635553479e-22	-3.4286909614850012e-22
0.039	4.694141030301975e-22	-4.047843743285053e-22
0.0391	4.1355862342197775e-22	-4.599373677124031e-22
0.0392	3.512934331049129e-22	-5.0746599264037225e-22
0.0393	2.836497481825115e-22	-5.466350672058587e-22
0.039400000000000004	2.1174174715835627e-22	-5.768477791809164e-22
0.0395	1.3674813386629477e-22	-5.9765485499022665e-22
0.0396	5.989271485877555e-23	-6.087612873536962e-22
0.0397	-1.7575687305056565e-23	-6.100305197561847e-22
0.0398	-9.440365352481849e-23	-6.014860280068546e-22
0.039900000000000005	-1.6935358461436583e-22	-5.833102821206979e-22
0.04	-2.4122378011549944e-22	-5.558411148786726e-22
0.040100000000000004	-3.0886785148462245e-22	-5.195655659871924e-22
0.0402	-3.7121315370539e-22	-4.751113120601424e-22
0.0403	-4.272779365974003e-22	-4.232358320067064e-22
0.040400000000000005	-4.761869391873962e-22	-3.648134941800896e-22
0.0405	-5.17185177107668e-22	-3.008207852233654e-22
0.040600000000000004	-5.496497036327831e-22	-2.3231993039156214e-22
0.0407	-5.730991591419173e-22	-1.604411807495585e-22
0.0408	-5.872009609236564e-22	-8.636406362987215e-23
0.0409	-5.917760246989166e-22	-1.1297908748408167e-23
0.041	-5.868009503643614e-22	6.353802683242522e-23
0.041100000000000005	-5.724076465658978e-22	1.3693450629854472e-22
0.0412	-5.488804110973155e-22	2.0771200469817535e-22
0.0413	-5.166505260778923e-22	2.747398215349316e-22
0.0414	-4.762884676987016e-22	3.369543021347423e-22
0.0415	-4.284938693645466e-22	3.933758715557016e-22
0.041600000000000005	-3.7408341365333214e-22	4.431246056415373e-22
0.0417	-3.139768620653766e-22	4.854340891473153e-22
0.041800000000000004	-2.4918146149274077e-22	5.196633402535274e-22
0.0419	-1.8077499221564408e-22	5.453066137293648e-22
0.042	-1.0988774361095138e-22	5.6200093094723165e-22
0.042100000000000005	-3.76837202952978e-23	5.695312232787755e-22
0.0422	3.465860713757056e-23	5.678330154706472e-22
0.042300000000000004	1.0596568646243952e-22	5.569926167308241e-22
0.0424	1.7508808212440675e-22	5.372448287631359e-22
0.0425	2.409191709195458e-22	5.089682211733981e-22
0.0426	3.0241302828541613e-22	4.726780648480077e-22
0.0427	3.5860121331710556e-22	4.290170524060647e-22
0.042800000000000005	4.086081803170597e-22	3.7874397101102474e-22
0.0429	4.516650688410877e-22	3.227205260995878e-22
0.043000000000000003	4.871216523966403e-22	2.618965443974592e-22
0.0431	5.1445625769486755e-22	1.9729381045685266e-22
0.0432	5.332835011093547e-22	1.2998881245005073e-22
0.043300000000000005	5.433597261563202e-22	6.10946897430924e-23
0.0434	5.445860647502532e-22	-8.257313410140878e-24
0.043500000000000004	5.370090850436094e-22	-7.69365770491639e-23
0.0436	5.208190291515518e-22	-1.4383170513924052e-22
0.0437	4.963456843092298e-22	-2.078686870570863e-22
0.0438	4.6405197033343835e-22	-2.6802832131893784e-22
0.0439	4.24525364003574e-22	-3.2336261591494894e-22
0.044000000000000004	3.7846731650925665e-22	-3.7300989831912765e-22
0.0441	3.266808528433789e-22	-4.1620839134538606e-22
0.0442	2.700565714095513e-22	-4.523080381073015e-22
0.0443	2.0955728767977534e-22	-4.8078038993796045e-22
0.0444	1.4620158706643903e-22	-5.012264047034392e-22
0.044500000000000005	8.104656892067374e-23	-5.133820389178284e-22
0.0446	1.5170075473760418e-23	-5.171215548194792e-22
0.044700000000000004	-5.034729357948695e-23	-5.1245850244950505e-22
0.0448	-1.1444007839040548e-22	-4.995443761203533e-22
0.0449	-1.7607546905004127e-22	-4.7866498380449925e-22
0.045000000000000005	-2.3427013775353887e-22	-4.50234606247795e-22
0.0451	-2.881061155925836e-22	-4.147880593722858e-22
0.045200000000000004	-3.367454544271989e-22	-3.729708081620595e-22
0.0453	-3.794434364795596e-22	-3.2552731214408914e-22
0.0454	-4.1556012038172034e-22	-2.7328781125384475e-22
0.0455	-4.445700419314794e-22	-2.1715378584086837e-22
0.0456	-4.660699202457278e-22	-1.5808234541502108e-22
0.045700000000000005	-4.797842547793046e-22	-9.706981712574489e-23
0.0458	-4.855687351935566e-22	-3.5134816647307254e-23
0.0459	-4.834114236788528e-22	2.669890906183858e-23
0.046	-4.734317074097352e-22	8.741957583829196e-23
0.0461	-4.55877056685568e-22	1.460441051050689e-22
0.046200000000000005	-4.311176613355557e-22	2.0163423530789407e-22
0.0463	-3.9963905351424613e-22	2.5331173472223705e-22
0.046400000000000004	-3.620328584801031e-22	3.0027246563661084e-22
0.0465	-3.1898584577215265e-22	3.417990713624284e-22
0.0466	-2.7126748086273673e-22	3.772720827378401e-22
0.046700000000000005	-2.197162014106466e-22	4.061792693258457e-22
0.0468	-1.652246622743442e-22	4.281230918455949e-22
0.046900000000000004	-1.0872420914855103e-22	4.428261459619807e-22
0.047	-5.116885181337767e-23	4.501345227999505e-22
0.0471	6.480985631050097e-24	4.500190478269546e-22
0.0472	6.32746586112037e-23	4.425743964259865e-22
0.0473	1.1828716433548872e-22	4.280161209251173e-22
0.047400000000000005	1.7063440478056788e-22	4.066756594272285e-22
0.0475	2.1948759529193665e-22	3.789934308838487e-22
0.0476	2.640865805612362e-22	3.455101528969729e-22
0.0477	3.0375184061961073e-22	3.0685654816863114e-22
0.0478	3.378949939715938e-22	2.637416318542895e-22
0.047900000000000005	3.660276326366673e-22	2.1693979487482616e-22
0.048	3.8776835416378975e-22	1.672769171280314e-22
0.048100000000000004	4.0284788809012317e-22	1.156157592114293e-22
0.0482	4.111122482489733e-22	6.284089149527509e-23
0.0483	4.125238771890921e-22	9.843425019392287e-24
0.048400000000000006	4.071607841311129e-22	-4.249419033696514e-23
0.0485	3.952137127381913e-22	-9.331303863171832e-23
0.048600000000000004	3.7698140890721097e-22	-1.4179202801817205e-22
0.0487	3.5286409120435862e-22	-1.8716135730618916e-22
0.0488	3.233552569146232e-22	-2.287149346518379e-22
0.0489	2.890319844293403e-22	-2.658215445985632e-22
0.049	2.5054391738822544e-22	-2.979345835955527e-22
0.049100000000000005	2.0860113720898615e-22	-3.2460021097871716e-22
0.0492	1.6396114802897786e-22	-3.4546379172012035e-22
0.049300000000000004	1.174152113699492e-22	-3.602745384952844e-22
0.0494	6.977427681457273e-23	-3.688882932157495e-22
0.0495	2.1854759524339414e-23	-3.7126842153840284e-22
0.049600000000000005	-2.5535584512492408e-23	-3.6748482739351974e-22
0.0497	-7.161143900559104e-23	-3.5771112767314006e-22
0.049800000000000004	-1.156231258893621e-22	-3.422200593028877e-22
0.0499	-1.568689969558136e-22	-3.213772214197665e-22
0.05	-1.9470681045544112e-22	-2.9563328376277704e-22
0.050100000000000006	-2.285639048397081e-22	-2.655148181615923e-22
0.0502	-2.579460052911498e-22	-2.3161393273972023e-22
0.050300000000000004	-2.824445248740279e-22	-1.9457690774919002e-22
0.0504	-3.0174225054682453e-22	-1.5509204750502836e-22
0.0505	-3.1561733437884607e-22	-1.1387697443994148e-22
0.0506	-3.239455415499107e-22	-7.166559867776901e-23
0.0507	-3.2670073851167913e-22	-2.9194999629430465e-23
0.050800000000000005	-3.239536364720398e-22	1.2807545073256807e-23
0.0509	-3.158688365548612e-22	5.363715341492679e-23
0.051000000000000004	-3.027002530259109e-22	9.262333524101554e-23
0.0511	-2.8478501932600944e-22	1.2914118396586213e-22
0.0512	-2.625360078133246e-22	1.6262157384034299e-22
0.051300000000000005	-2.36433117630352e-22	1.9256019318926247e-22
0.0514	-2.0701350557109693e-22	2.185252672213599e-22
0.051500000000000004	-1.7486095188289789e-22	2.401638496360539e-22
0.0516	-1.4059456631220616e-22	2.5720658981153326e-22
0.0517	-1.0485704918132217e-22	2.694709113363284e-22
0.051800000000000006	-6.830272772342902e-23	2.7686256749670007e-22
0.0519	-3.158558924132098e-23	2.7937556949843534e-22
0.052000000000000005	4.652470097441532e-24	2.7709051312537184e-22
0.0521	3.979296877343426e-23	2.7017135866831476e-22
0.0522	7.325153428195069e-23	2.5886074676516365e-22
0.0523	1.0448778111417833e-22	2.434739587730794e-22
0.0524	1.3301420264760216e-22	2.243916539804193e-22
0.052500000000000005	1.584039277374316e-22	2.0205153694026747e-22
0.0526	1.8029721585370636e-22	1.7693912610213693e-22
0.052700000000000004	1.984065897650009e-22	1.4957780942743395e-22
0.0528	2.1252053154064764e-22	1.2051838355658327e-22
0.0529	2.2250569551427975e-22	9.032828017947829e-23
0.053000000000000005	2.2830762028984776e-22	5.95806864471669e-23
0.0531	2.2994995033820125e-22	2.884376552570493e-23
0.053200000000000004	2.275322056921437e-22	-1.3298212186114435e-24
0.0533	2.2122616517796516e-22	-3.041289727899425e-23
0.0534	2.1127095402251446e-22	-5.791307811802182e-23
0.053500000000000006	1.979669500797669e-22	-8.338123636760157e-23
0.0536	1.8166864390336025e-22	-1.0641897738338901e-22
0.053700000000000005	1.6277660607446822e-22	-1.2668499825898112e-22
0.0538	1.4172873025580978e-22	-1.4390022644499117e-22
0.0539	1.1899093212239488e-22	-1.5785165889815352e-22
0.054	9.504749242354657e-23	-1.6839484871853516e-22
0.0541	7.039123683404863e-23	-1.7545501301020807e-22
0.054200000000000005	4.5513745901591764e-23	-1.7902676270313658e-22
0.0543	2.0895785311716299e-23	-1.7917248178153324e-22
0.054400000000000004	-3.0018600396037636e-24	-1.7601940926526668e-22
0.0545	-2.5746974892578772e-23	-1.6975550189396409e-22
0.0546	-4.6943765593686047e-23	-1.6062417830364875e-22
0.054700000000000006	-6.623983184494028e-23	-1.4891806613584705e-22
0.0548	-8.333213397146129e-23	-1.349718915962208e-22
0.054900000000000004	-9.797185277120066e-23	-1.1915466615326846e-22
0.055	-1.0996806214488385e-22	-1.0186133706491136e-22
0.0551	-1.191901591843194e-22	-8.350407703190537e-23
0.055200000000000006	-1.2556902173510458e-22	-6.450339335961682e-23
0.0553	-1.2909688914481209e-22	-4.52792384897183e-23
0.055400000000000005	-1.2982598745402587e-22	-2.624230163793837e-23
0.0555	-1.2786594518568205e-22	-7.785655609904274e-24
0.055600000000000004	-1.2338006965344057e-22	9.723076200096229e-24
0.0557	-1.1658057588253623e-22	2.5948879891778146e-23
0.0558	-1.0772288039030433e-22	4.059570069584222e-23
0.055900000000000005	-9.709908982363587e-23	5.341186246705845e-23
0.056	-8.503082946107236e-23	6.419445741629853e-23
0.056100000000000004	-7.186156857761505e-23	7.279262838606968e-23
0.0562	-5.794860842048339e-23	7.91096892917281e-23
0.0563	-4.3654903898700263e-23	8.31040535930219e-23
0.056400000000000006	-2.9340891960538543e-23	8.478896534122824e-23
0.0565	-1.5356498001547833e-23	8.423105197227263e-23
0.056600000000000004	-2.0334865622408627e-24	8.154774209539936e-23
0.0567	1.032168584331418e-23	7.690361458229683e-23
0.0568	2.143436949537374e-23	7.0505766837107e-23
0.056900000000000006	3.1067440034340896e-23	6.259830979838544e-23
0.057	3.902612210374879e-23	5.345611460373409e-23
0.057100000000000005	4.516182267846603e-23	4.3377950597007724e-23
0.0572	4.9374899869939207e-23	3.2679166190429776e-23
0.057300000000000004	5.161631560711113e-23	2.1684072781736184e-23
0.0574	5.188814416239639e-23	1.0718197305102029e-23
0.0575	5.0242932549723634e-23	1.0057096526627788e-25
0.057600000000000005	4.678193288019591e-23	-9.863779763427353e-24
0.0577	4.16522503355797e-23	-1.8890978659824068e-23
0.057800000000000004	3.5042973036065414e-23	-2.672492875091815e-23
0.0579	2.718037128199634e-23	-3.3143283017193203e-23
0.058	1.8322273013513924e-23	-3.7962629225792413e-23
0.058100000000000006	8.751739468703997e-24	-4.104277808918793e-23
0.0582	-1.2298204143177271e-24	-4.229006298638141e-23
0.058300000000000005	-1.1309946605182916e-23	-4.165958039537036e-23
0.0584	-2.117267675136659e-23	-3.915632254583654e-23
0.0585	-3.0506182934293465e-23	-3.4835177156995433e-23
0.058600000000000006	-3.9010330286995443e-23	-2.879979300483441e-23
0.0587	-4.640399282173747e-23	-2.120033398249184e-23
0.058800000000000005	-5.243196668223066e-23	-1.2230167793303946e-23
0.0589	-5.687132919897052e-23	-2.121557972701765e-24
0.059000000000000004	-5.953710342655614e-23	8.859550884853292e-24
0.0591	-6.0287102054295e-23	2.0419545444573138e-23
0.0592	-5.902584142354502e-23	3.2243827075131356e-23
0.059300000000000005	-5.570743552164187e-23	4.4004025378961555e-23
0.0594	-5.03374008713029e-23	5.536558900687649e-23
0.059500000000000004	-4.297332577555885e-23	6.599559229029272e-23
0.0596	-3.372438096055672e-23	7.557059084233506e-23
0.0597	-2.2749672809175323e-23	8.378435729815347e-23
0.059800000000000006	-1.0255464612215843e-23	9.035532983574242e-23
0.0599	3.508684907344592e-24	9.50336110241118e-23
0.060000000000000005	1.8254793599000662e-23	9.760736279961675e-23
0.0601	3.3662244629351526e-23	9.790845482114504e-23
0.060200000000000004	4.938437837815773e-23	9.581723788382007e-23
0.0603	6.505575629466049e-23	9.126633120243862e-23
0.0604	8.029995048090271e-23	8.424333187890716e-23
0.060500000000000005	9.473770060130318e-23	7.479237636311192e-23
0.0606	1.079952706833004e-22	6.30145067837731e-23
0.060700000000000004	1.1971283266972714e-22	4.906681921184123e-23
0.0608	1.295527013423678e-22	3.3160395746904217e-23
0.0609	1.372072465222341e-22	1.5557047295156372e-23
0.061000000000000006	1.4240631326085543e-22	-3.435081461212765e-24
0.0611	1.449239889941882e-22	-2.346696961110369e-23
0.061200000000000004	1.4458456819405606e-22	-4.4155142311113286e-23
0.0613	1.4126757971334777e-22	-6.508893936159163e-23
0.0614	1.3491175951037144e-22	-8.583849308332351e-23
0.061500000000000006	1.255178714279343e-22	-1.0596326258217098e-22
0.0616	1.1315030081616806e-22	-1.2502095846358806e-22
0.061700000000000005	9.793736960360943e-23	-1.425766822190933e-22
0.0618	8.007034648162677e-23	-1.5821209806975324e-22
0.061900000000000004	5.980115168922957e-23	-1.7153445216916752e-22
0.062	3.7438781967112335e-23	-1.8218525482363963e-22
0.0621	1.3344507082019728e-23	-1.8984844579320107e-22
0.062200000000000005	-1.2074085602244592e-23	-1.9425787073581906e-22
0.0623	-3.837009820913173e-23	-1.952039083206345e-22
0.062400000000000004	-6.506525869678758e-23	-1.9253910226806778e-22
0.0625	-9.165864415485113e-23	-1.8618267031476228e-22
0.0626	-1.176360313923828e-22	-1.7612378252909917e-22
0.0627	-1.4247970074955036e-22	-1.6242352414398863e-22
0.06280000000000001	-1.6567850789542476e-22	-1.4521548270653965e-22
0.0629	-1.8673803068615689e-22	-1.2470492540831151e-22
0.063	-2.0519059412972428e-22	-1.0116655946413557e-22
0.0631	-2.206049762444143e-22	-7.494089583934271e-23
0.0632	-2.3259560114554696e-22	-4.6429263960459376e-23
0.06330000000000001	-2.4083103301319897e-22	-1.6087551757488846e-23
0.0634	-2.4504159557572375e-22	1.558122904127583e-23
0.0635	-2.450259562111394e-22	4.803542850742329e-23
0.0636	-2.406565314753306e-22	8.070414932633721e-23
0.0637	-2.318835915033412e-22	1.129973778729845e-22
0.06380000000000001	-2.1873796393074517e-22	1.4431667425393482e-22
0.0639	-2.0133226332814787e-22	1.7406622694999485e-22
0.064	-1.798605991713998e-22	2.016640681727656e-22
0.0641	-1.5459674358651293e-22	2.265532402874896e-22
0.06420000000000001	-1.2589076898843146e-22	2.482127017969792e-22
0.06430000000000001	-9.416419473818199e-23	2.6616776349617053e-22
0.0644	-5.990371052787328e-23	2.7999985149021847e-22
0.0645	-2.3653571826784606e-23	2.8935540374157744e-22
0.0646	1.3993211143011485e-23	2.93953720520942e-22
0.06470000000000001	5.240474528926099e-23	2.935936063596134e-22
0.0648	9.092102009465097e-23	2.881586615457801e-22
0.0649	1.288653805329513e-22	2.776211045215316e-22
0.065	1.6555650583190532e-22	2.6204403231171337e-22
0.0651	2.0032068050705902e-22	2.4158205389240676e-22
0.06520000000000001	2.325041359738614e-22	2.164802606873746e-22
0.0653	2.61485236947595e-22	1.8707152863554492e-22
0.0654	2.866862868728099e-22	1.5377217695002372e-22
0.0655	3.075847308217573e-22	1.170760392257717e-22
0.0656	3.2372354262353253e-22	7.754703238417397e-23
0.06570000000000001	3.347205953143655e-22	3.581033751308575e-23
0.0658	3.402768301431616e-22	-7.457666566518278e-24
0.0659	3.401830590607487e-22	-5.154055170800143e-23
0.066	3.3432525853593615e-22	-9.569388382570136e-23
0.0661	3.226882382843525e-22	-1.391579557641773e-22
0.06620000000000001	3.053575966203943e-22	-1.8117098921005893e-22
0.0663	2.8251990415559594e-22	-2.2098257412441165e-22
0.0664	2.544610889370432e-22	-2.578671071870625e-22
0.0665	2.2156302828791627e-22	-2.911369880142477e-22
0.0666	1.842983850010694e-22	-3.201553335223092e-22
0.06670000000000001	1.4322375756017593e-22	-3.4434797676927886e-22
0.0668	9.897124513832569e-23	-3.632145268406472e-22
0.0669	5.2238557681814223e-23	-3.763382807048438e-22
0.067	3.777828880864857e-24	-3.833947962220811e-22
0.0671	-4.561668525296288e-23	-3.841589573490408e-22
0.06720000000000001	-9.512181760939725e-23	-3.7851038767629223e-22
0.0673	-1.438993879979897e-22	-3.6643709633991544e-22
0.0674	-1.9111055036713487e-22	-3.480372705841559e-22
0.0675	-2.359303411475567e-22	-3.2351916129432567e-22
0.06760000000000001	-2.7756217449442513e-22	-2.931990411085345e-22
0.06770000000000001	-3.1525202852514284e-22	-2.5749724866756117e-22
0.0678	-3.483020695098058e-22	-2.16932366573219e-22
0.0679	-3.7608346835156964e-22	-1.721136140902824e-22
0.068	-3.980481754960103e-22	-1.2373156794635436e-22
0.06810000000000001	-4.1373943645584187e-22	-7.254735517342328e-23
0.0682	-4.228008501749236e-22	-1.9380490239653368e-23
0.0683	-4.249837961575873e-22	3.49044457798859e-23
0.0684	-4.2015308326175186e-22	8.941206401986278e-23
0.0685	-4.0829070284336e-22	1.4323112612331497e-22
0.06860000000000001	-3.8949760103831357e-22	1.9544994903067973e-22
0.0687	-3.6399341882620933e-22	2.451719931115872e-22
0.0688	-3.321141835524993e-22	2.915313648749997e-22
0.0689	-2.943079711836718e-22	3.3370796454524465e-22
0.069	-2.511285941110487e-22	3.7094201256095914e-22
0.06910000000000001	-2.0322740417813313e-22	4.025476975061732e-22
0.0692	-1.5134333416761664e-22	4.279257010006541e-22
0.0693	-9.629133265060449e-23	4.465743724617576e-22
0.0694	-3.894937630514992e-23	4.580993481267937e-22
0.0695	1.975572997295048e-23	4.622214339438158e-22
0.06960000000000001	7.88635320933355e-23	4.58782600482888e-22
0.0697	1.3739583298885337e-22	4.477499694125291e-22
0.0698	1.9437305946047178e-22	4.292177047971547e-22
0.0699	2.48830812972211e-22	4.0340675792855053e-22
0.07	2.9983632233237085e-22	3.7066245100120745e-22
0.07010000000000001	3.4650451565455376e-22	3.314499220487172e-22
0.0702	3.8801343333241143e-22	2.863474905352156e-22
0.0703	4.2361871293925065e-22	2.360380391996172e-22
0.0704	4.526668908464559e-22	1.8129854254957068e-22
0.07050000000000001	4.746072837306131e-22	1.2298790518596858e-22
0.07060000000000001	4.890022357158265e-22	6.203330332892282e-23
0.0707	4.955355433090269e-22	-5.847500240037115e-25
0.0708	4.940189000973792e-22	-6.38483724311542e-23
0.0709	4.843962358932892e-22	-1.2671904854950976e-22
0.07100000000000001	4.667458600858882e-22	-1.8815485759433995e-22
0.0711	4.41280355797512e-22	-2.4712790309021023e-22
0.0712	4.0834420942532456e-22	-3.026416508360619e-22
0.0713	3.6840919862534674e-22	-3.537478805548858e-22
0.0714	3.2206760011074297e-22	-3.995629612805856e-22
0.07150000000000001	2.7002331613025098e-22	-4.392831700981002e-22
0.0716	2.1308105451920693e-22	-4.721987882594828e-22
0.0717	1.5213373115072647e-22	-4.977067277258734e-22
0.0718	8.814829486684335e-23	-5.15321464531093e-22
0.0719	2.215020299114953e-23	-5.246840826489591e-22
0.07200000000000001	-4.479320017777252e-23	-5.255692628261893e-22
0.0721	-1.115901293530902e-22	-5.178900846081043e-22
0.0722	-1.771423405681615e-22	-5.017005459729392e-22
0.0723	-2.4036335083637076e-22	-4.771957429976087e-22
0.0724	-3.001965903954886e-22	-4.447096911643116e-22
0.07250000000000001	-3.556331821084646e-22	-4.047108096220939e-22
0.0726	-4.057290471022057e-22	-3.5779512926791134e-22
0.0727	-4.496210453529256e-22	-3.046773242349107e-22
0.0728	-4.8654187452973535e-22	-2.4617970361080537e-22
0.0729	-5.158334697618347e-22	-1.8321933531812975e-22
0.07300000000000001	-5.369586707911145e-22	-1.1679350646641866e-22
0.0731	-5.495109508271474e-22	-4.79637535737663e-23
0.0732	-5.532220328808158e-22	2.2161278654064228e-23
0.0733	-5.479672538992798e-22	9.244387024889815e-23
0.0734	-5.3376857408707315e-22	1.617358544358623e-22
0.07350000000000001	-5.10795167759954e-22	2.2889753391928326e-22
0.0736	-4.793615722897876e-22	2.928165708974215e-22
0.0737	-4.39923412486352e-22	3.524265355559292e-22
0.0738	-3.930707584406403e-22	4.067248019334156e-22
0.07390000000000001	-3.3951921473747994e-22	4.547894894399104e-22
0.07400000000000001	-2.8009887735912186e-22	4.957951628006991e-22
0.0741	-2.1574133089367737e-22	5.290270225702783e-22
0.0742	-1.4746489221447333e-22	5.538933423062096e-22
0.0743	-7.635833703500122e-23	5.699359366242538e-22
0.07440000000000001	-3.563372148996158e-24	5.768384762174366e-22
0.0745	6.974386172050502e-23	5.744325009907517e-22
0.0746	1.4237195410196352e-22	5.627010201630765e-22
0.0747	2.1313374117216997e-22	5.4177962789552015e-22
0.0748	2.808658523147103e-22	5.119551040622982e-22
0.07490000000000001	3.444479628942802e-22	4.736615115031636e-22
0.075	4.028214328094168e-22	4.274738427894129e-22
0.0751	4.550070192534099e-22	3.740993105005989e-22
0.0752	5.0012136620772255e-22	3.143664145592353e-22
0.0753	5.373919922958943e-22	2.4921195764028434e-22
0.07540000000000001	5.661705224351698e-22	1.7966621442874214e-22
0.0755	5.859439368552516e-22	1.0683649195321344e-22
0.0756	5.963436430522753e-22	3.188934584145269e-23
0.0757	5.971522115897835e-22	-4.396825934728702e-23
0.0758	5.8830765476770135e-22	-1.1950853896022072e-22
0.07590000000000001	5.699051674282563e-22	-1.9350290594183969e-22
0.076	5.421962908907747e-22	-2.6474208877125852e-22
0.0761	5.05585503514542e-22	-3.3205601817853294e-22
0.0762	4.606242839760664e-22	-3.943331538017339e-22
0.0763	4.0800273530542464e-22	-4.505389300393257e-22
0.07640000000000001	3.4853889835736845e-22	-4.997330137875223e-22
0.0765	2.831659220176377e-22	-5.410850853220591e-22
0.0766	2.129172934163247e-22	-5.738888769936163e-22
0.0767	1.3891036413461126e-22	-5.975742322795124e-22
0.07680000000000001	6.232843729699527e-23	-6.1171697962102055e-22
0.07690000000000001	-1.5598294950652568e-23	-6.160464508568471e-22
0.077	-9.361265418546772e-23	-6.104505123613806e-22
0.0771	-1.704508944487502e-22	-5.949780175837809e-22
0.0772	-2.4486330324079206e-22	-5.6983863189433e-22
0.07730000000000001	-3.1563464699554466e-22	-5.354000237824597e-22
0.07740000000000001	-3.81604124796211e-22	-4.921824598050397e-22
0.0775	-4.416845011827701e-22	-4.408508835368669e-22
0.0776	-4.948801014416525e-22	-3.822046004178633e-22
0.0777	-5.403033705616184e-22	-3.1716473013269297e-22
0.07780000000000001	-5.771897198071833e-22	-2.467596253362038e-22
0.0779	-6.049104122350404e-22	-1.7210848953357159e-22
0.078	-6.229832700191126e-22	-9.44034571683443e-23
0.0781	-6.310810216439018e-22	-1.4890424957500328e-23
0.0782	-6.290371453008951e-22	6.515105519802361e-23
0.07830000000000001	-6.168491055536428e-22	1.4442849516588057e-22
0.0784	-5.946789228577612e-22	2.2165746393974923e-22
0.0785	-5.628510591345261e-22	2.955825125720509e-22
0.0786	-5.218476465850834e-22	3.649976881058347e-22
0.0787	-4.723011305721113e-22	4.287662998162829e-22
0.07880000000000001	-4.1498443996806423e-22	4.858396125041361e-22
0.0789	-3.5079883917111544e-22	5.352741583839486e-22
0.079	-2.807596543462016e-22	5.762473810129551e-22
0.0791	-2.0598010172436695e-22	6.080713513599883e-22
0.0792	-1.2765347740247816e-22	6.302043270890522e-22
0.07930000000000001	-4.7033995501531274e-23	6.422599609270725e-22
0.0794	3.4583415693351134e-23	6.4401400203483785e-22
0.0795	1.158840322558663e-22	6.354083749844434e-22
0.0796	1.955546280500929e-22	6.165525636020991e-22
0.07970000000000001	2.723047964630738e-22	5.877222708643378e-22
0.07980000000000001	3.448879526439164e-22	5.49355370519616e-22
0.0799	4.121216729647206e-22	5.0204521041662965e-22
0.08	4.729070385589428e-22	4.465313709278746e-22
0.0801	5.262466654060351e-22	3.836880236490774e-22
0.08020000000000001	5.712611242710193e-22	3.1451007504324793e-22
0.08030000000000001	6.072034795385074e-22	2.400973162323157e-22
0.0804	6.334717061892158e-22	1.6163683311578702e-22
0.0805	6.496187783645168e-22	8.038395986885746e-23
0.0806	6.553602605960126e-22	-2.357916836592696e-24
0.08070000000000001	6.505792732313756e-22	-8.525837624034863e-23
0.08080000000000001	6.353287462059706e-22	-1.6698146388903814e-22
0.0809	6.098309193972382e-22	-2.462073249270055e-22
0.081	5.744740926357861e-22	-3.2165361843442016e-22
0.0811	5.298066733009153e-22	-3.9209636395135374e-22
0.08120000000000001	4.765286135646363e-22	-4.5638988001672e-22
0.0813	4.154803720449934e-22	-5.13485488808084e-22
0.0814	3.476295751856382e-22	-5.62448680567943e-22
0.0815	2.740555914292317e-22	-6.024744561284874e-22
0.0816	1.9593226557634976e-22	-6.329005951044101e-22
0.08170000000000001	1.1450909105443643e-22	-6.532186307389106e-22
0.0818	3.10911236623607e-23	-6.630823494204813e-22
0.0819	-5.298203872126387e-23	-6.6231367293606785e-22
0.082	-1.3635787032152128e-22	-6.509058239394132e-22
0.0821	-2.1769277526925887e-22	-6.290237192010866e-22
0.08220000000000001	-2.956738343176289e-22	-5.970015802511535e-22
0.0823	-3.6904008711574116e-22	-5.553377962920119e-22
0.0824	-4.366030037890148e-22	-5.046871190089523e-22
0.0825	-4.972658123326978e-22	-4.458503124088922e-22
0.0826	-5.5004136653043365e-22	-3.797614223618681e-22
0.08270000000000001	-5.940682624699891e-22	-3.0747286942618e-22
0.0828	-6.286249398682383e-22	-2.3013860416931916e-22
0.0829	-6.531415368823519e-22	-1.4899559596848114e-22
0.083	-6.672093033478438e-22	-6.534395366573203e-23
0.08310000000000001	-6.705874168590515e-22	1.9474000987128365e-23
0.08320000000000001	-6.632070881528161e-22	1.0409536880180055e-22
0.0833	-6.451728861882466e-22	1.871586673857987e-22
0.0834	-6.167612584200974e-22	2.673258277954231e-22
0.0835	-5.784162673064176e-22	3.4330383688491392e-22
0.08360000000000001	-5.307426093306925e-22	4.1386567404506037e-22
0.08370000000000001	-4.744960270180342e-22	4.77870202161078e-22
0.0838	-4.105712668628033e-22	5.342806892994113e-22
0.0839	-3.3998777606908085e-22	5.8218165958691035e-22
0.084	-2.6387336788350254e-22	6.207937986199336e-22
0.08410000000000001	-1.8344611846819828e-22	6.49486670101836e-22
0.08420000000000001	-9.999478717908125e-23	6.67789035745908e-22
0.0843	-1.4858076307300564e-23	6.753966092252526e-22
0.0844	7.059693458745934e-23	6.72177116472423e-22
0.0845	1.5499683098667915e-22	6.58172578255456e-22
0.08460000000000001	2.3698402562394176e-22	6.3359877597471645e-22
0.0847	3.1523868167122815e-22	5.988419073047682e-22
0.0848	3.8850004162189306e-22	5.5445248390430055e-22
0.0849	4.555868160128456e-22	5.011365681933421e-22
0.085	5.154163011748002e-22	4.397444894212508e-22
0.08510000000000001	5.670219156269444e-22	3.7125722021784927e-22
0.0852	6.095688702122382e-22	2.96770632866229e-22
0.0853	6.423677171894818e-22	2.174778890385763e-22
0.0854	6.648855577696978e-22	1.3465024713405596e-22
0.0855	6.767547254521504e-22	4.9616597153873954e-23
0.08560000000000001	6.777788033647049e-22	-3.6257946177705097e-23
0.0857	6.679358769811995e-22	-1.2159404592635155e-22
0.0858	6.473789683737921e-22	-2.050203851773064e-22
0.0859	6.164336438336289e-22	-2.851957890428347e-22
0.08600000000000001	5.75592832515758e-22	-3.608308683299272e-22
0.08610000000000001	5.255089389899188e-22	-4.307088343856694e-22
0.0862	4.669833764716858e-22	-4.937051479655792e-22
0.0863	4.0095368935493053e-22	-5.4880568377430885e-22
0.0864	3.2847847278654543e-22	-5.951231163041411e-22
0.08650000000000001	2.5072033278033644e-22	-6.31911261357148e-22
0.08660000000000001	1.6892716217851864e-22	-6.5857714071367745e-22
0.0867	8.44120351179514e-23	-6.746905742671479e-22
0.0868	-1.4679549010658531e-24	-6.799911439844481e-22
0.0869	-8.73335710777511e-23	-6.743924166219171e-22
0.08700000000000001	-1.718056696247576e-22	-6.579833565377994e-22
0.08710000000000001	-2.5352743657908235e-22	-6.31026905471674e-22
0.0872	-3.3118626532075956e-22	-5.939557520697277e-22
0.0873	-4.035349208132699e-22	-5.473653594762465e-22
0.0874	-4.694116481276864e-22	-4.920043637461535e-22
0.08750000000000001	-5.277588999180383e-22	-4.287624984385847e-22
0.0876	-5.776403798992894e-22	-3.5865624083589e-22
0.0877	-6.182561266797733e-22	-2.828124121436474e-22
0.0878	-6.489553940712297e-22	-2.0244999716695736e-22
0.0879	-6.692471197270093e-22	-1.188604777866649e-22
0.08800000000000001	-6.7880781306021675e-22	-3.338699861010449e-23
0.0881	-6.774867352345051e-22	5.259729794833431e-23
0.0882	-6.65308287919446e-22	1.377114164948356e-22
0.0883	-6.424715727473188e-22	2.2058877501634557e-22
0.0884	-6.093471292628408e-22	2.9989923250106245e-22
0.08850000000000001	-5.664709048769977e-22	3.743705214963181e-22
0.0886	-5.145355551776555e-22	4.4280873901289665e-22
0.0887	-4.543792161845282e-22	5.041175645387106e-22
0.0888	-3.869719310625713e-22	5.57315894649944e-22
0.0889	-3.1339995176059095e-22	6.015536094675546e-22
0.08900000000000001	-2.3484817040566713e-22	6.36125216579767e-22
0.0891	-1.5258096550101354e-22	6.604811525432817e-22
0.0892	-6.792177355487378e-23	6.742365601254352e-22
0.0893	1.776828270239705e-23	6.771774004365689e-22
0.08940000000000001	1.0311236321028543e-22	6.692638023598913e-22
0.08950000000000001	1.867401207569626e-22	6.506305965107195e-22
0.0896	2.673097928849366e-22	6.215850266195247e-22
0.0897	3.435298180631209e-22	5.826016769906631e-22
0.0898	4.141796265675024e-22	5.343146997975811e-22
0.08990000000000001	4.781292700867754e-22	4.775074697020126e-22
0.09000000000000001	5.343575730909256e-22	4.1309983491976663e-22
0.0901	5.8196851315994575e-22	3.421331727221987e-22
0.0902	6.202055663698286e-22	2.6575349283022496e-22
0.0903	6.484637870019019e-22	1.8519286365203345e-22
0.09040000000000001	6.662994277385339e-22	1.0174946332508294e-22
0.09050000000000001	6.734369465301379e-22	1.6766579612095012e-23
0.0906	6.69773288813302e-22	-6.838910048779736e-23
0.0907	6.553793780351015e-22	-1.5234955928856049e-22
0.0908	6.304987927725152e-22	-2.337675174677876e-22
0.09090000000000001	5.955436543906835e-22	-3.1133814623803463e-22
0.091	5.510877944161888e-22	-3.8382007134448916e-22
0.0911	4.97857314875842e-22	-4.500553293842603e-22
0.0912	4.367186970516335e-22	-5.089879542396901e-22
0.0913	3.6866465374210188e-22	-5.596808939389985e-22
0.09140000000000001	2.947979565569834e-22	-6.013309856302036e-22
0.0915	2.163135024142711e-22	-6.332817481306773e-22
0.0916	1.3447891172795684e-22	-6.55033787174193e-22
0.0917	5.061397431376071e-23	-6.662526474357513e-22
0.0918	-3.393072258186826e-23	-6.667739870356561e-22
0.09190000000000001	-1.1779563680040846e-22	-6.566059938274334e-22
0.092	-1.9963422974741267e-22	-6.359290076482732e-22
0.0921	-2.78134684748609e-22	-6.050923581229199e-22
0.0922	-3.5204103351575064e-22	-5.646084728225767e-22
0.09230000000000001	-4.20173348978314e-22	-5.151443548524673e-22
0.09240000000000001	-4.814466783127379e-22	-4.5751057155515395e-22
0.0925	-5.348884108687151e-22	-3.9264793627798736e-22
0.0926	-5.796538015052839e-22	-3.216121024083481e-22
0.0927	-6.150394001828498e-22	-2.4555632252564364e-22
0.09280000000000001	-6.4049417301259825e-22	-1.6571265500816905e-22
0.09290000000000001	-6.556281377762377e-22	-8.337192529052938e-23
0.093	-6.602183775774382e-22	1.3723120788790047e-25
0.0931	-6.542123391052035e-22	8.346990298936193e-23
0.0932	-6.377283662776538e-22	1.6528666283207678e-22
0.09330000000000001	-6.1105346506815235e-22	2.442752010330078e-22
0.09340000000000001	-5.746383403584836e-22	3.1917148057244474e-22
0.0935	-5.290897899804968e-22	3.8878007154313864e-22
0.0936	-4.751605839757664e-22	4.519933360699259e-22
0.0937	-4.1373699782400927e-22	5.078091541699414e-22
0.09380000000000001	-3.4582420630237904e-22	5.5534690524795195e-22
0.09390000000000001	-2.7252977912457344e-22	5.938614487830297e-22
0.094	-1.9504555001044892e-22	6.22754880765671e-22
0.0941	-1.1462815686111822e-22	6.415858790426313e-22
0.0942	-3.2578571842068566e-23	6.500764903176696e-22
0.09430000000000001	4.977904393247095e-23	6.481162534891648e-22
0.0944	1.3111881601794058e-22	6.357635975905865e-22
0.0945	2.101346127133032e-22	6.13244497122469e-22
0.0946	2.8556113271262197e-22	5.8094841229501e-22
0.0947	3.5619428212326416e-22	5.394215859063103e-22
0.09480000000000001	4.2091051088475893e-22	4.893578115402498e-22
0.0949	4.786847962388833e-22	4.315868287783287e-22
0.095	5.286069835915468e-22	3.670605395130446e-22
0.0951	5.698962224911693e-22	2.968372746022836e-22
0.0952	6.019132670716247e-22	2.220643714429821e-22
0.09530000000000001	6.241704456439279e-22	1.4395935006172783e-22
0.0954	6.363391425856526e-22	6.378999758367657e-23
0.0955	6.382546766345011e-22	-1.7146311908319815e-23
0.0956	6.2991850246645655e-22	-9.754372334667012e-23
0.09570000000000001	6.114977063252598e-22	-1.7610908751065609e-22
0.09580000000000001	5.833218107462989e-22	-2.5158288320746945e-22
0.0959	5.458769473572908e-22	-3.227595344188749e-22
0.096	4.997974996196641e-22	-3.8850679271959184e-22
0.0961	4.458553584961858e-22	-4.477838713439645e-22
0.09620000000000001	3.849469727197007e-22	-4.99658038454041e-22
0.09630000000000001	3.1807841096457874e-22	-5.433194030865152e-22
0.0964	2.463486852060217e-22	-5.780936574945569e-22
0.0965	1.709316123746653e-22	-6.034525736465394e-22
0.0966	9.30565146260135e-23	-6.19022088930161e-22
0.09670000000000001	1.3988076772313859e-23	-6.245878560181809e-22
0.09680000000000001	-6.499430761972511e-23	-6.20098173718041e-22
0.0969	-1.4261736248158755e-22	-6.056642587597036e-22
0.097	-2.1763458696919173e-22	-5.815578621610065e-22
0.0971	-2.8884640749849135e-22	-5.48206277327133e-22
0.09720000000000001	-3.551194961723768e-22	-5.061848296738214e-22
0.09730000000000001	-4.1540494229487917e-22	-4.562069786121889e-22
0.0974	-4.687549833984938e-22	-3.991122015232326e-22
0.0975	-5.143380267189335e-22	-3.3585186524757857e-22
0.0976	-5.514517209231175e-22	-2.6747332303561494e-22
0.09770000000000001	-5.795338706447859e-22	-1.9510250331740056e-22
0.0978	-5.981710224573817e-22	-1.1992528060134916e-22
0.0979	-6.071045897121682e-22	-4.316793791106533e-23
0.098	-6.062344245436737e-22	3.3922955883291334e-23
0.0981	-5.956197876135095e-22	1.1010092190686541e-22
0.09820000000000001	-5.754777091250932e-22	1.8413986528632051e-22
0.0983	-5.461787775836708e-22	2.548539547708385e-22
0.0984	-5.082404349876547e-22	3.211167633595452e-22
0.0985	-4.623178979220972e-22	3.8187935860302705e-22
0.09860000000000001	-4.091928627112305e-22	4.361870496248003e-22
0.09870000000000001	-3.497601887394026e-22	4.831945210697864e-22
0.0988	-2.8501278668010543e-22	5.2217911173449815e-22
0.0989	-2.160249671492753e-22	5.525520270990788e-22
0.099	-1.4393452975487277e-22	5.738673098315531e-22
0.09910000000000001	-6.992389225677999e-23	5.858284299815815e-22
0.09920000000000001	4.799425734934607e-24	5.882923963917023e-22
0.0993	7.902264063899954e-23	5.812713321611778e-22
0.0994	1.515475364185736e-22	5.649314991101561e-22
0.0995	2.2120996318570895e-22	5.395897984074489e-22
0.09960000000000001	2.868986831522195e-22	5.057078161415029e-22
0.09970000000000001	3.475732562692394e-22	4.638835229404647e-22
0.0998	4.022806750463109e-22	4.1484077511653603e-22
0.0999	4.50170479951261e-22	3.5941680058860857e-22
0.1	4.905081130825157e-22	2.985478854389448e-22
0.10010000000000001	5.226862980259162e-22	2.332535058493027e-22
0.10020000000000001	5.462342674386251e-22	1.6461917487224684e-22
0.1003	5.60824696373442e-22	9.377829362336078e-23
0.1004	5.662782380469414e-22	2.1893311711556837e-23
0.1005	5.625655990119957e-22	-4.986348818136875e-23
0.10060000000000001	5.49807131840315e-22	-1.20329261855496e-22
0.10070000000000001	5.282699647626584e-22	-1.8836961210843487e-22
0.1008	4.98362728560922e-22	-2.5289702090473575e-22
0.1009	4.606279806753807e-22	-3.128884029608361e-22
0.101	4.1573246432182473e-22	-3.6740149457658013e-22
0.10110000000000001	3.6445537577984703e-22	-4.155898123252355e-22
0.1012	3.076748453313532e-22	-4.567159413402554e-22
0.1013	2.4635286606698864e-22	-4.901629419705592e-22
0.1014	1.815189294689046e-22	-5.154436960146213e-22
0.1015	1.1425264692141577e-22	-5.322080490290253e-22
0.10160000000000001	4.5665651775839007e-23	-5.402476427339987e-22
0.1017	-2.311691294168043e-23	-5.394983706682138e-22
0.1018	-9.097501079330761e-23	-5.3004043031122765e-22
0.1019	-1.5681212171536385e-22	-5.120959852167977e-22
0.10200000000000001	-2.1957314003015924e-22	-4.86024490602975e-22
0.10210000000000001	-2.7826146564339187e-22	-4.523157746541803e-22
0.1022	-3.319550085527847e-22	-4.115810048565863e-22
0.1023	-3.7982084659298946e-22	-3.64541703392434e-22
0.1024	-4.2112830041852938e-22	-3.120170073857376e-22
0.10250000000000001	-4.552602176557745e-22	-2.5490939809676133e-22
0.10260000000000001	-4.817222894460034e-22	-1.941891475425308e-22
0.1027	-5.001502567098597e-22	-1.308777510806699e-22
0.1028	-5.103148997981488e-22	-6.603062991380992e-23
0.1029	-5.12124743128643e-22	-7.193980117384463e-25
0.10300000000000001	-5.056264452918888e-22	6.398600654722197e-23
0.10310000000000001	-4.910028842765354e-22	1.2703502541488728e-22
0.1032	-4.685689862495567e-22	1.8741372327932225e-22
0.1033	-4.387653840709758e-22	2.441612845973541e-22
0.1034	-4.0215002778963523e-22	2.9638549217638906e-22
0.10350000000000001	-3.5938790314973837e-22	3.4327693501726597e-22
0.10360000000000001	-3.11239045073666e-22	3.8412171599436555e-22
0.1037	-2.585450606616006e-22	4.183124568745965e-22
0.1038	-2.0221440000889874e-22	4.453574283839123e-22
0.1039	-1.4320663270339083e-22	4.64887665984213e-22
0.10400000000000001	-8.251600291246765e-23	4.766619671487761e-22
0.1041	-2.115454627319878e-23	4.805697026060618e-22
0.1042	3.986494279584375e-23	4.766314116247723e-22
0.1043	9.954580429767133e-23	4.649971892865623e-22
0.1044	1.5692398181074332e-22	4.459429111863767e-22
0.10450000000000001	2.1108379236500567e-22	4.198643774716977e-22
0.1046	2.6117273579716727e-22	3.872694929605106e-22
0.1047	3.064151007107462e-22	3.487686326731758e-22
0.1048	3.461241465745512e-22	3.0506337192819217e-22
0.10490000000000001	3.797126675337182e-22	2.569337866873097e-22
0.10500000000000001	4.0670177270668078e-22	2.052245526547787e-22
0.1051	4.267277495791635e-22	1.5083009036518722e-22
0.1052	4.395469110139031e-22	9.46790178369604e-23
0.1053	4.450383617747008e-22	3.771818210199097e-23
0.10540000000000001	4.4320465669316685e-22	-1.9103454094446885e-23
0.10550000000000001	4.341703590526131e-22	-7.485079395041921e-23
0.1056	4.181785437928627e-22	-1.2861818474874185e-22
0.1057	3.9558532512845557e-22	-1.7954432987949094e-22
0.1058	3.6685252151969065e-22	-2.26826285886052e-22
0.10590000000000001	3.325386020710971e-22	-2.697323136320071e-22
0.10600000000000001	2.9328808682735333e-22	-3.076133745091245e-22
0.1061	2.498195986154024e-22	-3.399130878916943e-22
0.1062	2.0291278562539668e-22	-3.661759943247233e-22
0.1063	1.5339435147958782e-22	-3.860539996987443e-22
0.10640000000000001	1.0212344282864013e-22	-3.993109083557953e-22
0.10650000000000001	4.9976653333815957e-23	-4.0582498710498756e-22
0.1066	-2.167092880690232e-24	-4.0558953689424587e-22
0.1067	-5.344151563142851e-23	-3.987114837725256e-22
0.1068	-1.0300755326790996e-22	-3.854080351696284e-22
0.10690000000000001	-1.5006728926693024e-22	-3.6600148081654504e-22
0.10700000000000001	-1.9387699639905128e-22	-3.409122492496401e-22
0.1071	-2.3375908179538603e-22	-3.10650360241071e-22
0.1072	-2.6911273765986343e-22	-2.7580544017226837e-22
0.1073	-2.994231270408923e-22	-2.370354908662219e-22
0.10740000000000001	-3.242689615376015e-22	-1.9505462232424158e-22
0.1075	-3.433283575596055e-22	-1.5061997584830584e-22
0.1076	-3.563828892415469e-22	-1.04518075915263e-22
0.1077	-3.633197887608476e-22	-5.755085672465116e-23
0.1078	-3.64132278029061e-22	-1.0521612466697572e-23
0.10790000000000001	-3.58918048927331e-22	3.577888096996604e-23
0.108	-3.4787594184241275e-22	8.058583085180165e-23
0.1081	-3.313009036537216e-22	1.2317324699337468e-22
0.1082	-3.095773359716712e-22	1.6286589768872735e-22
0.10830000000000001	-2.831709718155239e-22	1.9905020196200784e-22
0.10840000000000001	-2.526194435719291e-22	2.3118387911033853e-22
0.1085	-2.185217265723121e-22	2.588042007067087e-22
0.1086	-1.8152666060678893e-22	2.8153471696810453e-22
0.1087	-1.4232076585990473e-22	2.990903581701844e-22
0.10880000000000001	-1.0161557988377764e-22	3.112808420699464e-22
0.10890000000000001	-6.013474816911592e-23	3.1801234952025677e-22
0.109	-1.8601102559715948e-23	3.1928746205314524e-22
0.1091	2.2276040811709997e-23	3.152033865951757e-22
0.1092	6.181313912758212e-23	3.0594852309048016e-22
0.10930000000000001	9.936402184296874e-23	2.917974600945121e-22
0.10940000000000001	1.3433063134462944e-22	2.7310451084208657e-22
0.1095	1.6617272368029112e-22	2.5029592740189805e-22
0.1096	1.9441636887253763e-22	2.238609528676126e-22
0.1097	2.186611141896093e-22	1.94341890717973e-22
0.10980000000000001	2.3858569985394782e-22	1.6232338618046695e-22
0.10990000000000001	2.5395224452955814e-22	1.2842112639719348e-22
0.11	2.6460884701327715e-22	9.327017423005002e-23
0.1101	2.704905803163364e-22	5.751315454154511e-23
0.1102	2.7161888420594695e-22	2.178851170861628e-23
0.11030000000000001	2.680993917280496e-22	-1.3280946991845808e-23
0.11040000000000001	2.601182537107802e-22	-4.7099015535118047e-23
0.1105	2.479370522332955e-22	-7.910636603973431e-23
0.1106	2.31886419048436e-22	-1.0878995888356932e-22
0.1107	2.123584975220838e-22	-1.3569142499260848e-22
0.11080000000000001	1.8979840639747327e-22	-1.5941428051627992e-22
0.1109	1.6469488026537755e-22	-1.7962985775190937e-22
0.111	1.3757027473874072e-22	-1.9608186174837176e-22
0.1111	1.0897013377736762e-22	-2.085894890093858e-22
0.11120000000000001	7.945252224011666e-23	-2.170490726097815e-22
0.11130000000000001	4.9577328485443554e-23	-2.214342463019132e-22
0.1114	1.989573969817277e-23	-2.217946482869375e-22
0.1115	-9.059913335023018e-24	-2.182532127286249e-22
0.1116	-3.678575490082087e-23	-2.1100212328298144e-22
0.11170000000000001	-6.281523245847531e-23	-2.0029752741916703e-22
0.11180000000000001	-8.672709638449664e-23	-1.864531326655507e-22
0.1119	-1.0815235266997915e-22	-1.6983282572229747e-22
0.112	-1.2678007141361015e-22	-1.508424722828213e-22
0.1121	-1.4236195750641087e-22	-1.299210691030445e-22
0.11220000000000001	-1.5471561500819787e-22	-1.075314301143179e-22
0.11230000000000001	-1.6372646287535096e-22	-8.41505950257444e-23
0.1124	-1.6934828640459078e-22	-6.026015180649522e-23
0.1125	-1.7160243548974366e-22	-3.633666365224142e-23
0.1126	-1.7057570703243077e-22	-1.2842386568117123e-23
0.11270000000000001	-1.6641697410095868e-22	9.783544341239773e-24
0.11280000000000001	-1.593326482137359e-22	3.1133293211041235e-23
0.1129	-1.495810829851666e-22	5.083771428689207e-23
0.113	-1.3746604690391823e-22	6.857282062398702e-23
0.1131	-1.233294098537469e-22	8.406521577922785e-23
0.11320000000000001	-1.0754320182784242e-22	9.709639559289918e-23
0.11330000000000001	-9.050121288148182e-23	1.0750585071090072e-22
0.1134	-7.261031053069398e-23	1.1519292520350623e-22
0.1135	-5.428165442138726e-23	1.2011741199964272e-22
0.1136	-3.592198811757341e-23	1.2229889137540157e-22
0.11370000000000001	-1.792518431300092e-23	1.2181484390930504e-22
0.11380000000000001	-6.642127514496157e-25	1.1879759365196674e-22
0.1139	1.5516310192058345e-23	1.1343016028003528e-22
0.114	3.0306844738704077e-23	1.0594112026790662e-22
0.11410000000000001	4.343879443811048e-23	9.659859620597084e-23
0.11420000000000001	5.468940579424697e-23	8.570350995630168e-23
0.1143	6.388561094858341e-23	7.35822490519964e-23
0.1144	7.09067460159409e-23	6.057890635854837e-23
0.1145	7.568610130305134e-23	4.704726033056708e-23
0.11460000000000001	7.82112840001011e-23	3.334266708630734e-23
0.11470000000000001	7.852339853232032e-23	1.9814035925538223e-23
0.1148	7.67150740998585e-23	6.796056841890148e-24
0.1149	7.292739253465891e-23	-5.398157893710881e-24
0.115	6.734579199362789e-23	-1.6483865732456962e-23
0.11510000000000001	6.019504274478081e-23	-2.6210779861747563e-23
0.11520000000000001	5.1733409977625097e-23	-3.436832522356177e-23
0.1153	4.2246134813658524e-23	-4.078995854151117e-23
0.1154	3.203837818916356e-23	-4.535646646285792e-23
0.1155	2.142778276786497e-23	-4.7998177699882544e-23
0.11560000000000001	1.0736815312894907e-23	-4.869604806609698e-23
0.11570000000000001	2.8505586805833127e-25	-4.748160108024609e-23
0.1158	-9.618399403659034e-24	-4.443573087370004e-23
0.1159	-1.8682257803934604e-23	-3.96863979987394e-23
0.116	-2.663991447235873e-23	-3.340527191510228e-23
0.11610000000000001	-3.3255753431646033e-23	-2.580339596296404e-23