0.	Indeterminate	Indeterminate
0.0001	2.078239151715513e-23	1.2949829879347132e-23
0.0002	1.938599647700052e-23	2.5842513841884895e-23
0.00030000000000000003	1.7100053603026767e-23	3.862116701341684e-23
0.0004	1.398564807423624e-23	5.1229425365527844e-23
0.0005	1.0126344359731816e-23	6.361170304602757e-23
0.0006000000000000001	5.626281020446607e-24	7.571344601568371e-23
0.0007	6.077908742069236e-25	8.748138078862547e-23
0.0008	-4.791403145580631e-24	9.886375709812586e-23
0.0009000000000000001	-1.042135704054835e-23	1.0981058333965315e-22
0.001	-1.612337244829049e-23	1.2027385367893448e-22
0.0011	-2.173368723846412e-23	1.3020776575413104e-22
0.0012000000000000001	-2.708731125259192e-23	1.3956892794785603e-22
0.0013000000000000002	-3.202192504377196e-23	1.483165552564288e-22
0.0014	-3.6381757756653426e-23	1.5641265284018524e-22
0.0015	-4.002136028785437e-23	1.6382218639955872e-22
0.0016	-4.2809191587560964e-23	1.7051323858668461e-22
0.0017000000000000001	-4.4630939375188784e-23	1.7645715073113648e-22
0.0018000000000000002	-4.5392501582798984e-23	1.8162864923069825e-22
0.0019	-4.5022561413964106e-23	1.8600595603345643e-22
0.002	-4.347469688673798e-23	1.895708827155547e-22
0.0021000000000000003	-4.0728974962727644e-23	1.923089077392926e-22
0.0022	-3.6792990670032815e-23	1.942092365584558e-22
0.0023	-3.1702322804181377e-23	1.9526484432141135e-22
0.0024000000000000002	-2.5520389618302864e-23	1.954725010071619e-22
0.0025	-1.83377001580892e-23	1.9483277891479367e-22
0.0026000000000000003	-1.0270509315859807e-23	1.933500425121342e-22
0.0027	-1.458897024067535e-24	1.9103242073454075e-22
0.0028	7.9356959649443e-24	1.8789176190910966e-22
0.0029000000000000002	1.7733431800820418e-23	1.8394357156284386e-22
0.003	2.773948417411049e-23	1.792069334549854e-22
0.0031000000000000003	3.7747827625107637e-23	1.7370441425343202e-22
0.0032	4.754533482128296e-23	1.6746195235250955e-22
0.0033	5.691610203167818e-23	1.605087314039758e-22
0.0034000000000000002	6.564591748956086e-23	1.5287703920464098e-22
0.0035	7.352678345090061e-23	1.4460211265203207e-22
0.0036000000000000003	8.036140061418514e-23	1.357219695438102e-22
0.0037	8.596752322152017e-23	1.262772280568374e-22
0.0038	9.018209463189888e-23	1.1631091479761115e-22
0.0039000000000000003	9.286507642968305e-23	1.058682623669913e-22
0.004	9.390288915425091e-23	9.49964974284884e-23
0.0041	9.321138942562474e-23	8.37446203106655e-23
0.004200000000000001	9.073831647800465e-23	7.21631772102524e-23
0.0043	8.646515075006169e-23	6.03040260932237e-23
0.0044	8.040833804109106e-23	4.8220097416230906e-23
0.0045000000000000005	7.26198446244455e-23	3.596515081031908e-23
0.0046	6.318702139175591e-23	2.359352888272158e-23
0.0047	5.223176834413442e-23	1.1159909300691974e-23
0.0048000000000000004	3.9909004298350943e-23	-1.2809436762058374e-24
0.0049	2.6404460277711293e-23	-1.3674427052157837e-23
0.005	1.1931828447244499e-23	-2.59663451851679e-23
0.0051	-3.2706886286899048e-24	-3.8103152971187255e-23
0.005200000000000001	-1.8944371433418835e-23	-5.003219500220218e-23
0.0053	-3.4814451445597697e-23	-6.170193960330735e-23
0.0054	-5.0594975339643163e-23	-7.306220668407145e-23
0.0055000000000000005	-6.599397853686165e-23	-8.406438837473022e-23
0.0056	-8.071887411778509e-23	-9.466166145771309e-23
0.0057	-9.44819577344925e-23	-1.0480919064949566e-22
0.0058000000000000005	-1.0700592562292893e-22	-1.144643218364995e-22
0.0059	-1.1802930119283538e-22	-1.2358676442150024e-22
0.006	-1.2731166601463832e-22	-1.3213876199341166e-22
0.0061	-1.3463859333955543e-22	-1.4008525059313072e-22
0.006200000000000001	-1.398261865551193e-22	-1.4739400391100962e-22
0.0063	-1.4272513113031255e-22	-1.5403576481713283e-22
0.0064	-1.4322417654367574e-22	-1.5998436269359577e-22
0.006500000000000001	-1.412529742809597e-22	-1.6521681610803595e-22
0.0066	-1.36784209071109e-22	-1.6971342043940783e-22
0.0067	-1.2983497290649036e-22	-1.7345782014005742e-22
0.0068000000000000005	-1.2046734484566953e-22	-1.7643706539217405e-22
0.006900000000000001	-1.0878815388342082e-22	-1.7864165299129735e-22
0.007	-9.49479170345021e-23	-1.8006555136440114e-22
0.0071	-7.913895994398311e-23	-1.8070620970474895e-22
0.007200000000000001	-6.159274252893048e-23	-1.8056455127991844e-22
0.0073	-4.257642709293601e-23	-1.7964495104271398e-22
0.0074	-2.238874075792851e-23	-1.779551977468339e-22
0.007500000000000001	-1.355197656500644e-24	-1.7550644083974298e-22
0.0076	2.017724113500804e-23	-1.7231312247395965e-22
0.0077	4.184598070694153e-23	-1.6839289504451818e-22
0.0078000000000000005	6.327897953818256e-23	-1.637665247244781e-22
0.0079	8.410120389124724e-23	-1.58457781531694e-22
0.008	1.0394123630774668e-22	-1.524933165183861e-22
0.0081	1.224379209960672e-22	-1.4590252673011622e-22
0.0082	1.3924692685953577e-22	-1.3871740863233453e-22
0.0083	1.5404710901621552e-22	-1.309724007505177e-22
0.008400000000000001	1.6654655192679955e-22	-1.2270421631387752e-22
0.0085	1.7648818165156984e-22	-1.1395166673250936e-22
0.0086	1.836548412387393e-22	-1.0475547677352026e-22
0.008700000000000001	1.8787373170425297e-22	-9.515809233301676e-23
0.0088	1.8902013136036385e-22	-8.520348172771371e-23
0.0089	1.870203182158107e-22	-7.493693145229185e-23
0.009000000000000001	1.818536336018275e-22	-6.440483736641076e-23
0.0091	1.7355363984520835e-22	-5.365449228843805e-23
0.0092	1.6220834045823268e-22	-4.273387098147896e-23
0.009300000000000001	1.4795944767210863e-22	-3.169141352119337e-23
0.0094	1.3100069891784637e-22	-2.057580803417849e-23
0.0095	1.1157524075893956e-22	-9.435773790461227e-24
0.009600000000000001	8.997211550260991e-23	1.680154376071617e-24
0.0097	6.65219019606206e-23	1.2723839359573828e-23
0.0098	4.159157730348785e-23	2.3647751845099372e-23
0.0099	1.5578681371968617e-23	3.440517622353822e-23
0.01	-1.1095122087362852e-23	4.495041146624323e-23
0.010100000000000001	-3.7990981252200615e-23	5.523896609726335e-23
0.0102	-6.466017334220991e-23	6.522774643504205e-23
0.0103	-9.065167944006776e-23	7.487523731285076e-23
0.010400000000000001	-1.1551988773891098e-22	8.414167452784552e-23
0.0105	-1.3883229247585216e-22	9.298920831228568e-23
0.0106	-1.60177054653726e-22	1.0138205716689299e-22
0.010700000000000001	-1.7917029183800398e-22	1.0928665144528924e-22
0.0108	-1.9546296783809825e-22	1.1667176612970658e-22
0.0109	-2.0874725889594828e-22	1.235086422914725e-22
0.011000000000000001	-2.1876228102304974e-22	1.297710967847981e-22
0.0111	-2.252990732239355e-22	1.3543561977896867e-22
0.0112	-2.282047433561812e-22	1.4048145979179596e-22
0.011300000000000001	-2.2738569710639914e-22	1.4489069594591405e-22
0.0114	-2.2280988577934418e-22	1.4864829722889258e-22
0.0115	-2.145080250467277e-22	1.5174216859792482e-22
0.011600000000000001	-2.0257375420429044e-22	1.5416318382976463e-22
0.0117	-1.8716272354263558e-22	1.5590520507633963e-22
0.0118	-1.6849061583877418e-22	1.5696508914582717e-22
0.0119	-1.4683012640321604e-22	1.5734268058763882e-22
0.012	-1.2250694425156908e-22	1.5704079171751265e-22
0.012100000000000001	-9.589479449329941e-23	1.5606516977546396e-22
0.0122	-6.740961863597922e-23	1.5442445146450284e-22
0.0123	-3.750298489779179e-23	1.5213010517151403e-22
0.012400000000000001	-6.654834530713607e-24	1.491963612233376e-22
0.0125	2.4634317667426834e-23	1.4564013058063936e-22
0.0126	5.58516002522287e-23	1.4148091241945365e-22
0.012700000000000001	8.64802829634814e-23	1.3674069109510994e-22
0.0128	1.1600841322040258e-22	1.3144382302546802e-22
0.0129	1.4393744563226282e-22	1.2561691406980797e-22
0.013000000000000001	1.6979071796968976e-22	1.192886880162302e-22
0.0131	1.9312162864161522e-22	1.1248984682386897e-22
0.0132	2.135213748135806e-22	1.0525292329651107e-22
0.013300000000000001	2.3062611682774686e-22	9.76121268912382e-23
0.0134	2.44123443444241e-22	8.960318338939534e-23
0.0135	2.537580234773886e-22	8.12631691774581e-23
0.013600000000000001	2.593363424708221e-22	7.263034090219117e-23
0.0137	2.607304379288454e-22	6.374396127780586e-23
0.013800000000000002	2.578805630523281e-22	5.464412183263191e-23
0.013900000000000001	2.507967266427962e-22	4.5371563389114204e-23
0.014	2.3955907554200443e-22	3.5967495073722346e-23
0.014100000000000001	2.2431710535189714e-22	2.647341265267376e-23
0.0142	2.0528770490434594e-22	1.6930916985244558e-23
0.0143	1.8275205968716228e-22	7.381533378922758e-24
0.014400000000000001	1.570514588468109e-22	-2.1334673801482868e-24
0.0145	1.2858206914741044e-22	-1.1573245562047858e-23
0.0146	9.778875704834262e-23	-2.0897565851064753e-23
0.014700000000000001	6.515805656284484e-23	-3.006696680478277e-23
0.0148	3.1210395491809424e-23	-3.904292571536322e-23
0.0149	-3.508294269366829e-24	-4.778801820001169e-23
0.015000000000000001	-3.843544560729335e-23	-5.626607187611571e-23
0.0151	-7.300105871485367e-23	-6.44423135075532e-23
0.0152	-1.0663708534735275e-22	-7.228350904198006e-23
0.015300000000000001	-1.3878683904395685e-22	-7.975809599438929e-23
0.0154	-1.689142743020309e-22	-8.683630766968412e-23
0.0155	-1.965129790825873e-22	-9.349028875628273e-23
0.015600000000000001	-2.211147290389483e-22	-9.969420186363802e-23
0.015700000000000002	-2.4229745844062144e-22	-1.054243246188635e-22
0.0158	-2.5969251180920182e-22	-1.106591369811984e-22
0.0159	-2.7299105164996764e-22	-1.1537939847761282e-22
0.016	-2.819495111691629e-22	-1.1956821510825703e-22
0.0161	-2.863939962935608e-22	-1.2321109571652033e-22
0.0162	-2.8622355840343394e-22	-1.2629599766492962e-22
0.016300000000000002	-2.814122776714981e-22	-1.2881336170484952e-22
0.0164	-2.720101164633109e-22	-1.3075613597469505e-22
0.0165	-2.581425225746364e-22	-1.3211978910797355e-22
0.0166	-2.400087828202693e-22	-1.3290231247871673e-22
0.0167	-2.1787914830062126e-22	-1.33104211657572e-22
0.016800000000000002	-1.9209077320865868e-22	-1.3272848719681014e-22
0.016900000000000002	-1.6304252895581226e-22	-1.3178060490656912e-22
0.017	-1.3118877435596673e-22	-1.3026845582766912e-22
0.0171	-9.703218029147836e-23	-1.2820230614806793e-22
0.0172	-6.111572339455031e-23	-1.2559473735036578e-22
0.0173	-2.4013977537249613e-23	-1.2246057691656046e-22
0.017400000000000002	1.3676155909940778e-23	-1.1881681995330653e-22
0.0175	5.134512822739359e-23	-1.1468254213617928e-22
0.0176	8.83806756904082e-23	-1.100788044046845e-22
0.0177	1.2417784111055723e-22	-1.0502854987093564e-22
0.0178	1.581489194848127e-22	-9.955649343389286e-23
0.0179	1.8973316330599653e-22	-9.368900461772666e-23
0.018000000000000002	2.1840608646340566e-22	-8.745398417717382e-23
0.0181	2.4368821172169696e-22	-8.088073503459133e-23
0.0182	2.6515311541592493e-22	-7.399982813271114e-23
0.0183	2.824346341043746e-22	-6.684296380385144e-23
0.0184	2.952331113008299e-22	-5.944282927042671e-23
0.018500000000000003	3.0332057784790744e-22	-5.183295290305663e-23
0.018600000000000002	3.0654477674227843e-22	-4.404755587134341e-23
0.0187	3.048319619995124e-22	-3.6121401828459397e-23
0.0188	2.9818842114333656e-22	-2.8089645274075534e-23
0.0189	2.867006917929222e-22	-1.9987679240871263e-23
0.019	2.705344642583893e-22	-1.18509829479071e-23
0.019100000000000002	2.499321836853487e-22	-3.714970059565734e-24
0.019200000000000002	2.252093867562429e-22	4.385161818396901e-24
0.0193	1.9674982890377576e-22	1.2414579783849488e-23
0.0194	1.6499947807205392e-22	2.033896181465995e-23
0.0195	1.304594699400475e-22	2.8124639881340955e-23
0.0196	9.36781368847438e-23	3.5738739417756106e-23
0.019700000000000002	5.524223851752645e-23	4.3149314590801936e-23
0.0198	1.5767535115928207e-23	5.032547883123143e-23
0.0199	-2.4111143533450104e-23	5.72375301110929e-23
0.02	-6.375017265595951e-23	6.385707047846181e-23
0.0201	-1.0250758307353925e-22	7.015711938717091e-23
0.020200000000000003	-1.397535172165902e-22	7.611222038794128e-23
0.020300000000000002	-1.7488051939066344e-22	8.169854077757498e-23
0.0204	-2.0731349140406261e-22	8.68939638345412e-23
0.0205	-2.365191497236078e-22	9.167817330223819e-23
0.0206	-2.6201482809173213e-22	9.603272981530745e-23
0.0207	-2.8337647988602737e-22	9.994113899946037e-23
0.020800000000000003	-3.0024574726701097e-22	1.0338891101120145e-22
0.020900000000000002	-3.1233597913563135e-22	1.0636361132046433e-22
0.021	-3.1943709686655087e-22	1.0885490257633346e-22
0.0211	-3.214192254214833e-22	1.1085457743359033e-22
0.0212	-3.1823502747532885e-22	1.123565822556207e-22
0.0213	-3.0992069927976996e-22	1.1335703164709625e-22
0.021400000000000002	-2.965956087996313e-22	1.1385421380767375e-22
0.021500000000000002	-2.7846057882953763e-22	1.1384858673555409e-22
0.0216	-2.55794839968704e-22	1.1334276534699106e-22
0.0217	-2.2895170013604216e-22	1.1234149961457886e-22
0.0218	-1.9835299838761057e-22	1.1085164386323058e-22
0.0219	-1.6448243080680628e-22	1.0888211739807547e-22
0.022000000000000002	-1.2787785484448972e-22	1.0644385667286994e-22
0.0221	-8.912269538430359e-23	1.0354975924086285e-22
0.0222	-4.883659071789973e-23	1.0021461976220192e-22
0.0223	-7.665429288531112e-24	9.645505837284158e-23
0.0224	3.3729061711840824e-23	9.22894417493621e-23
0.022500000000000003	7.46800071978355e-23	8.773779723205603e-23
0.022600000000000002	1.1452618094170746e-22	8.282172039497057e-23
0.0227	1.5262273263070385e-22	7.756427647621172e-23
0.0228	1.8835167047519595e-22	7.198989610465271e-23
0.0229	2.21131928303177e-22	6.612426578014077e-23
0.023	2.504288525681387e-22	5.999421358331886e-23
0.023100000000000002	2.757629538865301e-22	5.362759060818738e-23
0.023200000000000002	2.967177794611281e-22	4.705314862548297e-23
0.0233	3.1294677684876724e-22	4.030041449779589e-23
0.0234	3.24179035767248e-22	3.33995618780538e-23
0.0235	3.302238127441139e-22	2.6381280731521976e-23
0.0236	3.309737630954131e-22	1.9276645227804117e-23
0.023700000000000002	3.2640682566573796e-22	1.2116980553457767e-23
0.0238	3.1658672762099105e-22	4.9337291977480175e-24
0.0239	3.0166209900633968e-22	-2.241682736232156e-24
0.024	2.8186420939812765e-22	-9.377978645323276e-24
0.0241	2.57503361421012e-22	-1.644416341986283e-23
0.024200000000000003	2.289639978036359e-22	-2.3409653778769657e-23
0.024300000000000002	1.9669859964980504e-22	-3.0244406416776657e-23
0.0244	1.6122047336349966e-22	-3.6919043445417876e-23
0.0245	1.2309554186170093e-22	-4.340497462235098e-23
0.0246	8.293327204039844e-23	-4.9674515878529667e-23
0.0247	4.1376884658219913e-23	-5.570100366954995e-23
0.024800000000000003	-9.069953646102097e-25	-6.14589046961188e-23
0.024900000000000002	-4.323908096192753e-23	-6.69239205589313e-23
0.025	-8.493838342382024e-23	-7.207308693524773e-23
0.0251	-1.253332138226201e-22	-7.688486688797375e-23
0.0252	-1.637720469521123e-22	-8.133923794306315e-23
0.0253	-1.9963407142425831e-22	-8.541777259737975e-23
0.025400000000000002	-2.323392544941132e-22	-8.910371194673746e-23
0.025500000000000002	-2.613577579035891e-22	-9.238203215254702e-23
0.0256	-2.8621855142438004e-22	-9.523950349521835e-23
0.0257	-3.065170836723939e-22	-9.766474179307724e-23
0.0258	-3.219218849523992e-22	-9.96482519969539e-23
0.025900000000000003	-3.321799941262349e-22	-1.0118246380262994e-22
0.026000000000000002	-3.3712112050179964e-22	-1.0226175915590408e-22
0.0261	-3.3666047220469176e-22	-1.0288249155798708e-22
0.0262	-3.3080020408760696e-22	-1.0304299711216306e-22
0.0263	-3.196294606036212e-22	-1.0274359728603043e-22
0.0264	-3.0332301185453954e-22	-1.0198659339699439e-22
0.026500000000000003	-2.821385038540782e-22	-1.0077625286195301e-22
0.026600000000000002	-2.5641236654621964e-22	-9.91187872851172e-23
0.0267	-2.2655444492541957e-22	-9.702232249054897e-23
0.0268	-1.9304143936219854e-22	-9.449686063813105e-23
0.0269	-1.5640926060701264e-22	-9.155423459320363e-23
0.027	-1.1724442261119094e-22	-8.820805475087867e-23
0.027100000000000003	-7.617461197827087e-23	-8.447364854595899e-23
0.027200000000000002	-3.385858628634159e-23	-8.036799290834268e-23
0.0273	9.024435517301808e-24	-7.590963995165862e-23
0.0274	5.178571913278761e-23	-7.111863620956728e-23
0.0275	9.373812028616527e-23	-6.601643575956026e-23
0.027600000000000003	1.3420716976006513e-22	-6.06258075981177e-23
0.027700000000000002	1.7254195862372365e-22	-5.497073765362169e-23
0.027800000000000002	2.0812564738017005e-22	-4.907632584444228e-23
0.0279	2.4038542878224155e-22	-4.296867860896157e-23
0.028	2.688017828687393e-22	-3.66747973519669e-23
0.0281	2.929168741951854e-22	-3.0222463267750663e-23
0.028200000000000003	3.123419550953625e-22	-2.3640119014302566e-23
0.028300000000000002	3.26763654885185e-22	-1.6956747725178394e-23
0.0284	3.3594905294880945e-22	-1.0201749855885045e-23
0.0285	3.397494533354302e-22	-3.4048183699280366e-24
0.0286	3.381027995244617e-22	3.40418722402927e-24
0.0287	3.3103469004499774e-22	1.0195367468148057e-23
0.028800000000000003	3.1865797830491844e-22	1.6938909666523788e-23
0.028900000000000002	3.0117096292734204e-22	2.3605214193187543e-23
0.029	2.788541977346403e-22	3.016501988055966e-23
0.0291	2.5206597289163712e-22	3.6589527975760085e-23
0.0292	2.2123654025646837e-22	4.285052415803182e-23
0.029300000000000003	1.8686117633986056e-22	4.8920498118360596e-23
0.029400000000000003	1.4949219511056466e-22	5.477276021218525e-23
0.029500000000000002	1.097300399002664e-22	6.038155470781062e-23
0.0296	6.821359857914595e-23	6.572216916672916e-23
0.0297	2.560989875084464e-23	7.077103950748659e-23
0.0298	-1.7396650251119838e-23	7.55058503219122e-23
0.029900000000000003	-6.011529445746135e-23	7.990563003143152e-23
0.030000000000000002	-1.0186007283978431e-22	8.395084049169016e-23
0.030100000000000002	-1.419608751608274e-22	8.762346067580321e-23
0.0302	-1.7977424121278624e-22	9.090706409006867e-23
0.0303	-2.1469372678446337e-22	9.378688960091231e-23
0.0304	-2.4615966875774455e-22	9.624990537802935e-23
0.030500000000000003	-2.73668191511936e-22	9.82848656860758e-23
0.030600000000000002	-2.967793091515911e-22	9.988236028571979e-23
0.0307	-3.1512399276844606e-22	1.0103485623431935e-22
0.0308	-3.284100887616096e-22	1.0173673190676882e-22
0.0309	-3.3642699289870056e-22	1.0198430308811651e-22
0.031	-3.390490050002025e-22	1.0177584102121903e-22
0.031100000000000003	-3.3623731054139865e-22	1.0111158232486512e-22
0.031200000000000002	-3.280405577424498e-22	9.999373073037415e-23
0.0313	-3.145940214951122e-22	9.842645061747227e-23
0.031400000000000004	-2.96117368383948e-22	9.641585236320902e-23
0.0315	-2.729110597281783e-22	9.396996955061828e-23
0.0316	-2.453514516291822e-22	9.109872811666506e-23
0.0317	-2.1388467209977606e-22	8.781390755159597e-23
0.0318	-1.7901937513220814e-22	8.412909429401946e-23
0.031900000000000005	-1.413184897113881e-22	8.005962749774867e-23
0.032	-1.0139009800374143e-22	7.562253737751921e-23
0.032100000000000004	-5.987759098743603e-23	7.083647637103832e-23
0.0322	-1.744926140943304e-23	6.572164338429399e-23
0.0323	2.5212497029187474e-23	6.029970141553644e-23
0.0324	6.742220909048442e-23	5.45936888807677e-23
0.0325	1.0850237743235337e-22	4.862792498974722e-23
0.032600000000000004	1.4779440295421212e-22	4.242790954642927e-23
0.0327	1.8466918934813592e-22	3.6020217571233686e-23
0.0328	2.1853726041182805e-22	2.9432389164513493e-23
0.0329	2.488582267254499e-22	2.269281505099771e-23
0.033	2.751494489891262e-22	1.5830618263674682e-23
0.033100000000000004	2.9699375848589453e-22	8.875532442551404e-24
0.0332	3.1404611056017066e-22	1.857777238840274e-24
0.0333	3.2603906443165005e-22	-5.192068671629176e-24
0.0334	3.32787001813977e-22	-1.2243196450702998e-23
0.0335	3.341890173632888e-22	-1.9264697311554408e-23
0.033600000000000005	3.3023043560822123e-22	-2.6225693552093828e-23
0.0337	3.209829313571918e-22	-3.3095469871421315e-23
0.033800000000000004	3.0660325327614968e-22	-3.984360442954461e-23
0.0339	2.873305730107422e-22	-4.644009910968146e-23
0.034	2.6348250452128843e-22	-5.2855508443731984e-23
0.0341	2.3544985984448485e-22	-5.906106666486611e-23
0.0342	2.0369022794172915e-22	-6.502881235673655e-23
0.034300000000000004	1.6872048230835445e-22	-7.07317101764855e-23
0.0344	1.3110834029219552e-22	-7.614376913851522e-23
0.0345	9.146311232398958e-23	-8.124015695785845e-23
0.0346	5.0425792249244536e-23	-8.599730996591653e-23
0.0347	8.658650461976676e-24	-9.039303812727673e-23
0.034800000000000005	-3.316550059362223e-23	-9.440662470418404e-23
0.0349	-7.437419389299427e-23	-9.801892013505765e-23
0.035	-1.14306171368044e-22	-1.0121242971502835e-22
0.0351	-1.5232204724732732e-22	-1.0397139468984178e-22
0.0352	-1.878145984477589e-22	-1.062818663995127e-22
0.035300000000000005	-2.2021851558782744e-22	-1.0813177313471164e-22
0.0354	-2.4901945721836925e-22	-1.0951097939698014e-22
0.035500000000000004	-2.73762261446225e-22	-1.1041133728333806e-22
0.0356	-2.940581830666326e-22	-1.1082672974660742e-22
0.0357	-3.09591040391499e-22	-1.1075310551469253e-22
0.0358	-3.2012217389743066e-22	-1.1018850548501852e-22
0.0359	-3.25494138324258e-22	-1.0913308044419998e-22
0.036000000000000004	-3.256330706108998e-22	-1.0758909999769268e-22
0.0361	-3.2054969771997755e-22	-1.0556095262949302e-22
0.0362	-3.103389706200633e-22	-1.0305513684781668e-22
0.0363	-2.951783331009479e-22	-1.000802434089109e-22
0.0364	-2.753246563259869e-22	-9.664692864763964e-23
0.036500000000000005	-2.5110989171316166e-22	-9.27678789800589e-23
0.0366	-2.2293551552881486e-22	-8.845776667973991e-23
0.0367	-1.9126585813615998e-22	-8.373319706593702e-23
0.0368	-1.5662042884635092e-22	-7.86126472777224e-23
0.0369	-1.1956536348056478e-22	-7.311639684373258e-23
0.037000000000000005	-8.07041358055209e-23	-6.726645029208844e-23
0.0371	-4.0667685725086195e-23	-6.108645207918351e-23
0.037200000000000004	-1.041263089806106e-25	-5.460159414928e-23
0.0373	4.0331801730792604e-23	-4.7838516469022154e-23
0.0374	7.998935574677355e-23	-4.082520091197787e-23
0.0375	1.1823232374681526e-22	-3.359085889802003e-23
0.0376	1.5444929247816203e-22	-2.6165813220556884e-23
0.037700000000000004	1.880634843249269e-22	-1.8581374521333205e-23
0.0378	2.185420037702601e-22	-1.086971289746846e-23
0.0379	2.454043441989171e-22	-3.063725148591164e-24
0.038	2.6823001826431844e-22	4.803101806800545e-24
0.0381	2.866651897077759e-22	1.2696830797366591e-23
0.038200000000000005	3.004282011511088e-22	2.0583216981788174e-23
0.0383	3.0931391071035854e-22	2.8427852567951326e-23
0.038400000000000004	3.131967699932032e-22	3.619631307521272e-23
0.0385	3.120325968191144e-22	4.385430453614691e-23
0.0386	3.058590174953496e-22	5.136781102620344e-23
0.038700000000000005	2.9479457533853123e-22	5.870324190414282e-23
0.0388	2.790365239903527e-22	6.582757814312027e-23
0.038900000000000004	2.588573455769444e-22	7.27085171317393e-23
0.039	2.3460005455145715e-22	7.931461532642898e-23
0.0391	2.0667236779728591e-22	8.561542814111152e-23
0.0392	1.7553983993241265e-22	9.158164646724719e-23
0.0393	1.4171807944365183e-22	9.718522922707689e-23
0.039400000000000004	1.0576417602193438e-22	1.023995313751165e-22
0.0395	6.826748202728569e-23	1.0719942677772366e-22
0.0396	2.9839901182868745e-23	1.1156142541778142e-22
0.0397	-8.89415478109878e-24	1.154637843912098e-22
0.0398	-4.730797586021318e-23	1.1888661218402948e-22
0.039900000000000005	-8.478276200376896e-23	1.2181196574302229e-22
0.04	-1.2071766252176607e-22	1.242239398795815e-22
0.040100000000000004	-1.545394826783993e-22	1.261087485750013e-22
0.0402	-1.8571189949855337e-22	1.274547977861499e-22
0.0403	-2.1374403742232463e-22	1.2825274938311985e-22
0.040400000000000005	-2.3819826549080875e-22	1.2849557588484383e-22
0.0405	-2.586970910454948e-22	1.2817860569480825e-22
0.040600000000000004	-2.7492904024683273e-22	1.2729955857664666e-22
0.0407	-2.8665343280560997e-22	1.258585711484684e-22
0.0408	-2.9370397688557186e-22	1.2385821221511403e-22
0.0409	-2.959911298651096e-22	1.2130348779896693e-22
0.041	-2.935031912092071e-22	1.1820183577232757e-22
0.041100000000000005	-2.863061147564345e-22	1.1456311003753616e-22
0.0412	-2.7454204891852406e-22	1.1039955424476593e-22
0.0413	-2.584266342694373e-22	1.0572576508163568e-22
0.0414	-2.382451084187933e-22	1.0055864521322417e-22
0.0415	-2.143472875831192e-22	9.49173459955748e-23
0.041600000000000005	-1.8714151256582916e-22	8.882320013018672e-23
0.0417	-1.5708766363218375e-22	8.22996444710751e-23
0.041800000000000004	-1.2468936374426608e-22	7.537213323957017e-23
0.0419	-9.048550255951269e-23	6.806804194495479e-23
0.042	-5.504122428528816e-23	6.041656235107666e-23
0.042100000000000005	-1.893853075078974e-23	5.244858887007149e-23
0.0422	1.7233343223931396e-23	4.4196596804084247e-23
0.042300000000000004	5.288762200043008e-23	3.569451289422161e-23
0.0424	8.744958827238628e-23	2.69775786727131e-23
0.0425	1.2036593090555683e-22	1.8082207149223034e-23
0.0426	1.5111368808263935e-22	9.045833395335223e-24
0.0427	1.79208639810894e-22	-9.324037785965678e-26
0.042800000000000005	2.042130136966482e-22	-9.296004625392755e-24
0.0429	2.257423799678807e-22	-1.8522906507291738e-23
0.043000000000000003	2.4347162582293186e-22	-2.773401748694342e-23
0.0431	2.571399150560942e-22	-3.6889203794043854e-23
0.0432	2.6655455628653413e-22	-4.59482990389013e-23
0.043300000000000005	2.715937216979344e-22	-5.487127824937894e-23
0.0434	2.7220797766584755e-22	-6.361843258929147e-23
0.043500000000000004	2.684206086770704e-22	-7.215054400763744e-23
0.0436	2.60326736191533e-22	-8.042905906178769e-23
0.0437	2.4809125422044643e-22	-8.84162611546808e-23
0.0438	2.319456230566345e-22	-9.60754404262294e-23
0.0439	2.1218358146450573e-22	-1.0337106054265178e-22
0.044000000000000004	1.891558554033502e-22	-1.102689216341596e-22
0.0441	1.6326395772334325e-22	-1.1673631864156894e-22
0.0442	1.349531879687401e-22	-1.2274219434576448e-22
0.0443	1.0470495420617822e-22	-1.2825728637062712e-22
0.0444	7.30285494601344e-23	-1.3325426746998164e-22
0.044500000000000005	4.0452523711556705e-23	-1.3770787843222582e-22
0.0446	7.515798368016122e-24	-1.4159505296258244e-22
0.044700000000000004	-2.5241326445158988e-23	-1.4489503393221748e-22
0.0448	-5.728612054028528e-23	-1.4758948041575414e-22
0.0449	-8.810217871466952e-23	-1.4966256497383892e-22
0.045000000000000005	-1.1719783683337137e-22	-1.5110106067527417e-22
0.0451	-1.441141102259965e-22	-1.5189441739369386e-22
0.045200000000000004	-1.6843202462316954e-22	-1.5203482695665498e-22
0.0453	-1.8977922095401631e-22	-1.5151727677021597e-22
0.0454	-2.0783572837060602e-22	-1.5033959158936352e-22
0.0455	-2.2233881462646034e-22	-1.4850246315389346e-22
0.0456	-2.330868391538066e-22	-1.4600946746029937e-22
0.045700000000000005	-2.3994205157358157e-22	-1.4286706949272136e-22
0.0458	-2.4283229663028897e-22	-1.3908461528979618e-22
0.0459	-2.417516053538291e-22	-1.3467431127914687e-22
0.046	-2.367596712876458e-22	-1.296511908669759e-22
0.0461	-2.2798022955961856e-22	-1.2403306832659162e-22
0.046200000000000005	-2.1559837508513483e-22	-1.1784048008642677e-22
0.0463	-1.9985687396539945e-22	-1.1109661357494483e-22
0.046400000000000004	-1.8105153887727258e-22	-1.0382722383656317e-22
0.0465	-1.595257546621391e-22	-9.60605381890554e-23
0.0466	-1.3566425415282223e-22	-8.782714924856501e-23
0.046700000000000005	-1.0988625630067951e-22	-7.915989670318357e-23
0.0468	-8.263808868273326e-23	-7.009373826964074e-23
0.046900000000000004	-5.438542432047423e-23	-6.06656103198936e-23
0.047	-2.560526830492419e-23	-5.0914278714947887e-23
0.0471	3.2221670855649625e-24	-4.0880180431872845e-23
0.0472	3.162155930814466e-23	-3.0605256616462847e-23
0.0473	5.913040668268007e-23	-2.013277773807844e-23
0.047400000000000005	8.530665988446792e-23	-9.507161564694661e-24
0.0475	1.0973592624409728e-22	1.2262152852153114e-24
0.0476	1.3203812773569555e-22	1.2021211421713719e-23
0.0477	1.5187350397321514e-22	2.283111956875146e-23
0.0478	1.6894786377700437e-22	3.360886940235984e-23
0.047900000000000005	1.8301700269423283e-22	4.430723346281759e-23
0.048	1.9389021900582555e-22	5.487903524041443e-23
0.048100000000000004	2.0143287695551524e-22	6.527735851672532e-23
0.0482	2.0556798290352753e-22	7.545575702965921e-23
0.0483	2.0627675753596908e-22	8.53684635210348e-23
0.048400000000000006	2.0359820484280873e-22	9.497059722010721e-23
0.0485	1.9762769600298676e-22	1.042183688154693e-22
0.048600000000000004	1.885146032798346e-22	1.130692819710558e-22
0.0487	1.7645903523870638e-22	1.2148233044967541e-22
0.0488	1.6170773977160244e-22	1.294181899196023e-22
0.0489	1.4454925529084487e-22	1.3683940353616926e-22
0.049	1.2530840280002863e-22	1.437105604111529e-22
0.049100000000000005	1.0434022215879463e-22	1.499984661078252e-22
0.0492	8.202346455365577e-23	1.5567230432887314e-22
0.049300000000000004	5.87537598304032e-23	1.6070378899787834e-22
0.0494	3.493658183243834e-23	1.6506730597249147e-22
0.0495	1.0980137159822669e-23	1.687400436688733e-22
0.049600000000000005	-1.2711697206609885e-23	1.7170211192202462e-22
0.0497	-3.5746264167424886e-23	1.7393664845535596e-22
0.049800000000000004	-5.774872576778018e-23	1.7542991238484963e-22
0.0499	-7.836825901360841e-23	1.761713642383964e-22
0.05	-9.728374417177068e-23	1.7615373202900734e-22
0.050100000000000006	-1.142088516409687e-22	1.7537306298142286e-22
0.0502	-1.2889644521642858e-22	1.7382876057488083e-22
0.050300000000000004	-1.4114223266482122e-22	1.7152360663018174e-22
0.0504	-1.5078760873005973e-22	1.6846376823644859e-22
0.0505	-1.5772165074111288e-22	1.646587893817535e-22
0.0506	-1.6188224261131834e-22	1.6012156722183673e-22
0.0507	-1.6325631891847568e-22	1.548683129920881e-22
0.050800000000000005	-1.6187923664642583e-22	1.489184976395035e-22
0.0509	-1.578332977642724e-22	1.4229478232312323e-22
0.051000000000000004	-1.5124546083864358e-22	1.3502293400313151e-22
0.0511	-1.4228429404953095e-22	1.2713172641009402e-22
0.0512	-1.3115623506065598e-22	1.1865282675620961e-22
0.051300000000000005	-1.181012349521388e-22	1.0962066861984296e-22
0.0514	-1.0338787365322647e-22	1.000723115024055e-22
0.051500000000000004	-8.730804284229982e-23	9.004728762268767e-23
0.0516	-7.01712989688199e-23	7.958743657759261e-23
0.0517	-5.2298993790710633e-23	6.87367285595895e-23
0.051800000000000006	-3.4018292540851776e-23	5.754107687974716e-23
0.0519	-1.5656190505380267e-23	4.604814060061294e-23
0.052000000000000005	2.4663625798344064e-24	3.4307118135241605e-23
0.0521	2.0040124286779435e-23	2.236853271691483e-23
0.0522	3.6772906679766197e-23	1.0284010688444966e-23
0.0523	5.2394515307228667e-23	-1.8939463999812612e-24
0.0524	6.666119514817211e-23	-1.4112194859828693e-23
0.052500000000000005	7.935950890916627e-23	-2.631718604457695e-23
0.0526	9.030958459421064e-23	-3.845520655979145e-23
0.052700000000000004	9.936768184793035e-23	-5.047262040024698e-23
0.0528	1.0642803995806138e-22	-6.231611189553146e-23
0.0529	1.1142398433862475e-22	-7.393292833502368e-23
0.053000000000000005	1.1432828253436392e-22	-8.527112113793059e-23
0.0531	1.1515275502049095e-22	-9.627978443435125e-23
0.053200000000000004	1.1394716005169304e-22	-1.0690928992911275e-22
0.0533	1.1079738527940054e-22	-1.171115169314028e-22
0.0534	1.0582299155684548e-22	-1.2684007645004544e-22
0.053500000000000006	9.917416605388566e-23	-1.3605052827644034e-22
0.0536	9.102815229483183e-23	-1.447005900049159e-22
0.053700000000000005	8.158523382395685e-23	-1.527503369730604e-22
0.0538	7.106435573408687e-23	-1.6016239214273695e-22
0.0539	5.969847413357104e-23	-1.6690210498553374e-22
0.054	4.772972767889972e-23	-1.7293771848430555e-22
0.0541	3.540452750189066e-23	-1.7824052341497912e-22
0.054200000000000005	2.2968662185030477e-23	-1.8278499912968126e-22
0.0543	1.0662512895566288e-23	-1.8654894012328294e-22
0.054400000000000004	-1.2835295765818937e-24	-1.8951356773029597e-22
0.0545	-1.2653359240511122e-23	-1.9166362636748238e-22
0.0546	-2.3249080887762703e-23	-1.9298746380915131e-22
0.054700000000000006	-3.289449596534983e-23	-1.9347709505662515e-22
0.0548	-4.143808620794235e-23	-1.9312824944037809e-22
0.054900000000000004	-4.8755443561142944e-23	-1.9194040067251677e-22
0.055	-5.475110649488477e-23	-1.8991677964820201e-22
0.0551	-5.935977504602751e-23	-1.8706436987688948e-22
0.055200000000000006	-6.25468895981719e-23	-1.8339388550750741e-22
0.0553	-6.430857125423412e-23	-1.789197319954547e-22
0.055400000000000005	-6.467093443046806e-23	-1.7365994954318669e-22
0.0555	-6.368879474966668e-23	-1.6763613952972378e-22
0.055600000000000004	-6.144380719390479e-23	-1.608733742272588e-22
0.0557	-5.804208056355315e-23	-1.5340009018471606e-22
0.0558	-5.361132436616104e-23	-1.4524796573819326e-22
0.055900000000000005	-4.829759313383902e-23	-1.3645178318637787e-22
0.056	-4.226170067299748e-23	-1.2704927624466284e-22
0.056100000000000004	-3.567538274548133e-23	-1.1708096346468877e-22
0.0562	-2.8717291055220734e-23	-1.0658996837573442e-22
0.0563	-2.1568904091838346e-23	-9.562182717062093e-23
0.056400000000000006	-1.4410441318229985e-23	-8.422428482111351e-23
0.0565	-7.416866373485958e-24	-7.244708056592494e-23
0.056600000000000004	-7.540624206870372e-25	-6.034172376799541e-23
0.0567	5.424741439793346e-24	-4.796126118653084e-23
0.0568	1.0982219555173259e-23	-3.536003675295436e-23
0.056900000000000006	1.5799809004061378e-23	-2.259344497833406e-23
0.057	1.9780121418783586e-23	-9.71767915272149e-24
0.057100000000000005	2.28488596502634e-23	3.2105244759914988e-24
0.0572	2.4956202171361814e-23	1.613414533475931e-23
0.057300000000000004	2.6077629417998384e-23	2.8996138745360624e-23
0.0574	2.621417805273693e-23	4.173969649803708e-23
0.0575	2.5392121164347358e-23	5.43085065421225e-23
0.057600000000000005	2.3662084446110597e-23	6.664701055983682e-23
0.0577	2.10976201829776e-23	7.870065819862223e-23
0.057800000000000004	1.7793272185798148e-23	9.041615675256744e-23
0.0579	1.3862175412470532e-23	1.0174171510472575e-22
0.058	9.43324369798394e-24	1.1262728076929059e-22
0.058100000000000006	4.648007583646536e-24	1.2302476890554976e-22
0.0582	-3.428284817832237e-25	1.3288828221414355e-22
0.058300000000000005	-5.383034445961043e-24	1.4217432067013125e-22
0.0584	-1.0314629038048792e-23	1.5084198009663084e-22
0.0585	-1.498169814687484e-23	1.5885313863696284e-22
0.058600000000000006	-1.9234174129936813e-23	1.6617263024208939e-22
0.0587	-2.2931493727453968e-23	1.7276840435338408e-22
0.058800000000000005	-2.594605468877742e-23	1.7861167102807807e-22
0.0589	-2.816639530042715e-23	1.836770308256868e-22
0.059000000000000004	-2.950002665518401e-23	1.87942588848137e-22
0.0591	-2.987585460788638e-23	1.9139005240354863e-22
0.0592	-2.924613678465811e-23	1.9400481184355043e-22
0.059300000000000005	-2.758792958048985e-23	1.9577600420600145e-22
0.0594	-2.4903990604619442e-23	1.9669655937875172e-22
0.059500000000000004	-2.1223113303734043e-23	1.9676322858513574e-22
0.0596	-1.6599882284165777e-23	1.959765950778005e-22
0.0597	-1.1113849929549585e-23	1.9434106701382575e-22
0.059800000000000006	-4.8681470273253784e-24	1.9186485257041711e-22
0.0599	2.012447968178972e-24	1.8855991744633528e-22
0.060000000000000005	9.383944937059362e-24	1.8444192497919754e-22
0.0601	1.7086036465093083e-23	1.7953015919246616e-22
0.060200000000000004	2.4945393790658915e-23	1.738474311678389e-22
0.0603	3.2779298731742076e-23	1.6741996921853463e-22
0.0604	4.039953847639652e-23	1.602772934161652e-22
0.060500000000000005	4.761648403629066e-23	1.5245207509816089e-22
0.0606	5.42432686457482e-23	1.4397998205366472e-22
0.060700000000000004	6.009997953661529e-23	1.3489951015313461e-22
0.0608	6.501777539868464e-23	1.252518022501962e-22
0.0609	6.884284247844271e-23	1.1508045524332236e-22
0.061000000000000006	7.144010467329457e-23	1.0443131623937291e-22
0.0611	7.269660710706721e-23	9.33522688106522e-23
0.061200000000000004	7.252449845425328e-23	8.189301038167412e-23
0.0613	7.086354461110618e-23	7.010482182118397e-23
0.0614	6.76831150562933e-23	5.804033034873298e-23
0.061500000000000006	6.298359323889099e-23	4.575326689346704e-23
0.0616	5.679717338823404e-23	3.329821906527007e-23
0.061700000000000005	4.918801804787843e-23	2.0730380915200912e-23
0.0618	4.0251763166223656e-23	8.105300673066558e-24
0.061900000000000004	3.0114370487315466e-23	-4.521372344984661e-24
0.062	1.893034002625856e-23	-1.7094140466783214e-23
0.0621	6.880308329782704e-24	-2.955790884700232e-23
0.062200000000000005	-5.831929239871897e-24	-4.185823392954297e-23
0.0623	-1.8982922048732646e-23	-5.39415680346362e-23
0.062400000000000004	-3.233353236643365e-23	-6.575549893938965e-23
0.0625	-4.563329701623328e-23	-7.724898334964041e-23
0.0626	-5.862510267058751e-23	-8.837257319520978e-23
0.0627	-7.10500877585983e-23	-9.90786337199532e-23
0.06280000000000001	-8.265267836650572e-23	-1.0932155238208e-22
0.0629	-9.318566166835802e-23	-1.1905793762886012e-22
0.063	-1.0241519840995508e-22	-1.2824680666269464e-22
0.0631	-1.1012567583964213e-22	-1.3684976137242229e-22
0.0632	-1.1612430425320766e-22	-1.4483115166430086e-22
0.06330000000000001	-1.2024536397926163e-22	-1.5215822549093546e-22
0.0634	-1.2235401512249044e-22	-1.5880126494337019e-22
0.0635	-1.223495896158234e-22	-1.6473370784109787e-22
0.0636	-1.2016829398598162e-22	-1.699322543265481e-22
0.0637	-1.157852615555455e-22	-1.7437695804442498e-22
0.06380000000000001	-1.0921590440503504e-22	-1.7805130156152551e-22
0.0639	-1.0051652809152461e-22	-1.809422557591441e-22
0.064	-8.978418563508545e-23	-1.8304032300740626e-22
0.0641	-7.715576139254627e-23	-1.8433956400849223e-22
0.06420000000000001	-6.280628987814862e-23	-1.8483760827335035e-22
0.06430000000000001	-4.694652909335833e-23	-1.8453564827375321e-22
0.0644	-2.981982222056625e-23	-1.8343841738806067e-22
0.0645	-1.1698295347298036e-23	-1.8155415183444558e-22
0.0646	7.121548044847774e-24	-1.788945368592705e-22
0.06470000000000001	2.632376302041398e-23	-1.7547463752038113e-22
0.0648	4.5578345911595343e-23	-1.7131281447505036e-22
0.0649	6.454697077529574e-23	-1.664306252497509e-22
0.065	8.288897877360155e-23	-1.608527115336337e-22
0.0651	1.0026751368976292e-22	-1.5460667309918813e-22
0.06520000000000001	1.1635569273335272e-22	-1.477229290118405e-22
0.0653	1.3084269973937992e-22	-1.4023456684490746e-22
0.0654	1.4343968788219786e-22	-1.3217718066718924e-22
0.0655	1.5388538112395253e-22	-1.2358869861730301e-22
0.0656	1.619512677784277e-22	-1.145092009214219e-22
0.06570000000000001	1.6744628573550566e-22	-1.0498072924934017e-22
0.0658	1.7022090696329444e-22	-9.504708833743252e-23
0.0659	1.7017053875215034e-22	-8.475364083609206e-23
0.066	1.6723817062214758e-22	-7.414709636357887e-23
0.0661	1.614162086869791e-22	-6.327529576761907e-23
0.06620000000000001	1.52747453329453e-22	-5.218699161074784e-23
0.0663	1.4132519105024172e-22	-4.0931625905140566e-23
0.0664	1.2729238703669246e-22	-2.9559106127502394e-23
0.0665	1.1083998108274272e-22	-1.8119580544616689e-23
0.0666	9.220430568539336e-23	-6.663213875344031e-24
0.06670000000000001	7.166366115500406e-23	4.7600356946608946e-24
0.0668	4.9534098114352666e-23	1.6100637143443686e-23
0.0669	2.6164472540328434e-23	2.73097039050584e-23
0.067	1.930852249129296e-24	3.8339206863393867e-23
0.0671	-2.2769633815161757e-23	4.914218211460083e-23
0.06720000000000001	-4.752540119198054e-23	5.96729325965331e-23
0.0673	-7.191735891360647e-23	6.988722271895432e-23
0.0674	-9.552608311469483e-23	7.974246516721641e-23
0.0675	-1.179390912040099e-22	8.919789909447264e-23
0.06760000000000001	-1.3875808948543954e-22	9.821475896318712e-23
0.06770000000000001	-1.5760606627681466e-22	1.0675643334526357e-22
0.0678	-1.7413410400503381e-22	1.1478861304142233e-22
0.0679	-1.8802778744611113e-22	1.2227942793427337e-22
0.068	-1.9901309117969348e-22	1.29199572045399e-22
0.06810000000000001	-2.0686163735122653e-22	1.355224163246723e-22
0.0682	-2.1139522485374088e-22	1.412241087594028e-22
0.0683	-2.1248954289227064e-22	1.4628366145171048e-22
0.0684	-2.1007699538014142e-22	1.5068302437425032e-22
0.0685	-2.0414857751089537e-22	1.5440714557694223e-22
0.06860000000000001	-1.947547618989433e-22	1.5744401768027739e-22
0.0687	-1.8200536861109357e-22	1.597847105538278e-22
0.0688	-1.6606841092727485e-22	1.6142339014151117e-22
0.0689	-1.4716792646774658e-22	1.6235732345764428e-22
0.069	-1.2558082109460109e-22	1.62586869839568e-22
0.06910000000000001	-1.0163277042502177e-22	1.6211545860341086e-22
0.0692	-7.569324057435472e-23	1.6094955330907235e-22
0.0693	-4.816970558027328e-23	1.590986028985142e-22
0.0694	-1.9501153561582978e-23	1.5657498002771326e-22
0.0695	9.84901322685835e-24	1.5339390696687626e-22
0.06960000000000001	3.940056790621827e-23	1.4957336949558505e-22
0.0697	6.866441208307914e-23	1.45134019269166e-22
0.0698	9.715075927240507e-23	1.4009906517957994e-22
0.0699	1.2437741029553099e-22	1.3449415427836197e-22
0.07	1.4987797962130809e-22	1.2834724287036958e-22
0.07010000000000001	1.7320993134715477e-22	1.2168845842522805e-22
0.0702	1.9396228568697792e-22	1.1454995298825463e-22
0.0703	2.1176286142152933e-22	1.06965748804128e-22
0.0704	2.262849267081767e-22	9.897157689461289e-23
0.07050000000000001	2.372531398350301e-22	9.060470935611375e-23
0.07060000000000001	2.444486727926691e-22	8.190378616368696e-23
0.0707	2.477134237423683e-22	7.290863728527841e-23
0.0708	2.4695323936537646e-22	6.366010092343486e-23
0.0709	2.421400844359959e-22	5.419983871144385e-23
0.07100000000000001	2.3331311349790204e-22	4.45701486968096e-23
0.0711	2.205786179429615e-22	3.481377694729974e-23
0.0712	2.0410884078262105e-22	2.4973728613327697e-23
0.0713	1.8413967064049966e-22	1.5093079275404147e-23
0.0714	1.6096724565210698e-22	5.2147873967546895e-24
0.07150000000000001	1.349435167046317e-22	-4.618491310922925e-24
0.0716	1.064708374630248e-22	-1.4364586816137803e-23
0.0717	7.599566559615847e-23	-2.3981994217106035e-23
0.0718	4.400147524295898e-23	-3.3430048960472903e-23
0.0719	1.1000994769286764e-23	-4.266909710275787e-23
0.07200000000000001	-2.2472103984792042e-23	-5.166065991592584e-23
0.0721	-5.587192869782578e-23	-6.036759216925954e-23
0.0722	-8.864935772065251e-23	-6.87542334530141e-23
0.0723	-1.2026114990577986e-22	-7.678655194501781e-23
0.0724	-1.5017902072903122e-22	-8.443228005940625e-23
0.07250000000000001	-1.7789853198941735e-22	-9.166104145664715e-23
0.0726	-2.0294764462800634e-22	-9.844446893587602e-23
0.0727	-2.2489478902008644e-22	-1.0475631277409875e-22
0.0728	-2.4335631439645735e-22	-1.1057253912175805e-22
0.0729	-2.5800318872653014e-22	-1.158714181103687e-22
0.07300000000000001	-2.685668322941405e-22	-1.2063360137516003e-22
0.0731	-2.7484398212456314e-22	-1.2484218874369765e-22
0.0732	-2.7670050015085637e-22	-1.2848278389010413e-22
0.0733	-2.7407405528088236e-22	-1.3154353880352457e-22
0.0734	-2.6697562805740234e-22	-1.340151869687062e-22
0.07350000000000001	-2.5548980608455747e-22	-1.3589106520569794e-22
0.0736	-2.397738584998744e-22	-1.371671241646248e-22
0.0737	-2.200555981647436e-22	-1.3784192751996068e-22
0.0738	-1.9663006058565268e-22	-1.3791663995653205e-22
0.07390000000000001	-1.6985504852009017e-22	-1.3739500408648827e-22
0.07400000000000001	-1.4014561042794246e-22	-1.3628330648239091e-22
0.0741	-1.07967539075325e-22	-1.3459033305632488e-22
0.0742	-7.382999337388177e-23	-1.323273140582542e-22
0.0743	-3.8277361657891627e-23	-1.2950785900862372e-22
0.07440000000000001	-1.880497803950386e-24	-1.2614788192026166e-22
0.0745	3.4772527344850095e-23	-1.222655172028272e-22
0.0746	7.108600806965888e-23	-1.1788102667921258e-22
0.0747	1.0646636197461234e-22	-1.1301669817736285e-22
0.0748	1.4033190326638467e-22	-1.076967361927281e-22
0.07490000000000001	1.7212246914165633e-22	-1.0194714514598317e-22
0.075	2.0130873906377846e-22	-9.57956057875851e-23
0.0751	2.2740109114352e-22	-8.927134532510958e-23
0.0752	2.4995784688605805e-22	-8.240500187106977e-23
0.0753	2.685927651182014e-22	-7.522848382796336e-23
0.07540000000000001	2.829816578144671e-22	-6.777482484361775e-23
0.0755	2.928680146067088e-22	-6.007803498339814e-23
0.0756	2.9806753876134963e-22	-5.217294877657988e-23
0.0757	2.984715150801023e-22	-4.409507080204378e-23
0.0758	2.9404894923468434e-22	-3.5880419483472516e-23
0.07590000000000001	2.8484743816999255e-22	-2.756536976647036e-23
0.076	2.7099275207171263e-22	-1.9186495349397543e-23
0.0761	2.526871296479463e-22	-1.0780411136311128e-23
0.0762	2.302063097680363e-22	-2.383616574323439e-24
0.0763	2.0389534348092175e-22	5.967659471187422e-24
0.07640000000000001	1.741632507508661e-22	1.423761166149862e-23
0.0765	1.414766055607813e-22	2.2391008321577323e-23
0.0766	1.0635215101906836e-22	3.0393338157718463e-23
0.0767	6.934856246313806e-23	3.8210952963121744e-23
0.07680000000000001	3.10574910056678e-23	4.5811205739912783e-23
0.07690000000000001	-7.90596772623313e-24	5.31625836894323e-23
0.077	-4.6913224963083896e-23	6.023483554804346e-23
0.0771	-8.533240816348899e-23	6.699909277301755e-23
0.0772	-1.2253866151143588e-22	7.342798411223367e-23
0.07730000000000001	-1.5792436865352034e-22	7.949574312228284e-23
0.07740000000000001	-1.9090912955664083e-22	8.517830823190156e-23
0.0775	-2.2094932691166367e-22	9.045341498147448e-23
0.0776	-2.4754712377817196e-22	9.530068010435563e-23
0.0777	-2.7025874306232073e-22	9.970167715184748e-23
0.07780000000000001	-2.8870189080347216e-22	1.0364000340078319e-22
0.0779	-3.025621989323349e-22	1.0710133782044514e-22
0.078	-3.1159857893342304e-22	1.100734899140482e-22
0.0781	-3.156473954416703e-22	1.1254643928891238e-22
0.0782	-3.1462538794057686e-22	1.1451236584871266e-22
0.07830000000000001	-3.08531289094698e-22	1.159656705405218e-22
0.0784	-2.9744610950959876e-22	1.1690298662874913e-22
0.0785	-2.815320805186105e-22	1.1732318150724059e-22
0.0786	-2.610302685898991e-22	1.1722734909965957e-22
0.0787	-2.362568967672634e-22	1.1661879293664376e-22
0.07880000000000001	-2.0759842984423064e-22	1.1550300003595408e-22
0.0789	-1.7550550037200198e-22	1.138876057488126e-22
0.079	-1.4048577177995708e-22	1.1178234977164304e-22
0.0791	-1.0309585252530818e-22	1.091990235574372e-22
0.0792	-6.393239099294656e-23	1.0615140939474666e-22
0.07930000000000001	-2.362249457458635e-23	1.0265521145480368e-22
0.0794	1.718637226124218e-23	9.872797913831544e-23
0.0795	5.783684723066827e-23	9.438902308299544e-23
0.0796	9.767231695026016e-23	8.965932422075837e-23
0.07970000000000001	1.3604757780331338e-22	8.456143629959846e-23
0.07980000000000001	1.72339337059394e-22	7.911938230946823e-23
0.0799	2.0595638260479342e-22	7.335854527380654e-23
0.08	2.363492547116986e-22	6.730555388871267e-23
0.0801	2.630192610804976e-22	6.098816351007754e-23
0.08020000000000001	2.855266868095502e-22	5.443513300511176e-23
0.08030000000000001	3.034980638121785e-22	4.767609799872476e-23
0.0804	3.166323793049048e-22	4.074144105699438e-23
0.0805	3.247061200897032e-22	3.3662159359486053e-23
0.0806	3.2757706816876306e-22	2.6469730419463144e-23
0.08070000000000001	3.251867834573828e-22	1.919597641601482e-23
0.08080000000000001	3.1756173066975255e-22	1.187292770483288e-23
0.0809	3.048130294961175e-22	4.532686074778563e-24
0.081	2.8713482960829154e-22	-2.792711684451641e-24
0.0811	2.648013344573897e-22	-1.007142934235341e-23
0.08120000000000001	2.3816251989580206e-22	-1.727196536047285e-23
0.0813	2.076386150038224e-22	-2.436328505168299e-23
0.0814	1.7371343277939854e-22	-3.131495023013782e-23
0.0815	1.369266572247982e-22	-3.809724582885966e-23
0.0816	9.786521052602439e-23	-4.4681302976653235e-23
0.08170000000000001	5.715383918725357e-23	-5.103921804271585e-23
0.0818	1.5445070903076812e-23	-5.714416717589127e-23
0.0819	-2.65912955873802e-23	-6.297051588583456e-23
0.082	-6.827899759221768e-23	-6.849392323542664e-23
0.0821	-1.0894623736783425e-22	-7.369144023744642e-23
0.08220000000000001	-1.4793655547723855e-22	-7.854160207364775e-23
0.0823	-1.846194719269153e-22	-8.302451378097711e-23
0.0824	-2.184007219570423e-22	-8.712192907753619e-23
0.0825	-2.487319197382918e-22	-9.081732202989612e-23
0.0826	-2.7511949233115316e-22	-9.40959512935041e-23
0.08270000000000001	-2.9713273794383873e-22	-9.69449166889327e-23
0.0828	-3.1441087659481705e-22	-9.935320790855829e-23
0.0829	-3.26668977518447e-22	-1.0131174518079525e-22
0.083	-3.33702665784043e-22	-1.0281341175208497e-22
0.08310000000000001	-3.353915303361545e-22	-1.038530780803388e-22
0.08320000000000001	-3.317011766864466e-22	-1.0442761766733432e-22
0.0833	-3.226838894536216e-22	-1.0453591449151732e-22
0.0834	-3.084778925001475e-22	-1.0417886203664386e-22
0.0835	-2.893052171861209e-22	-1.0335935394558015e-22
0.08360000000000001	-2.6546821188037664e-22	-1.0208226636221626e-22
0.08370000000000001	-2.3734474796862076e-22	-1.0035443205773143e-22
0.0838	-2.0538219881727857e-22	-9.818460647024792e-23
0.0839	-1.7009028814376742e-22	-9.558342581906162e-23
0.084	-1.3203292268295e-22	-9.256335748610534e-23
0.08410000000000001	-9.181914062363894e-23	-8.913864288784342e-23
0.08420000000000001	-5.0093321747776484e-23	-8.532523309042807e-23
0.0843	-7.524817301194385e-24	-8.114071744946227e-23
0.0844	3.5202832839703346e-23	-7.660424558304375e-23
0.0845	7.740292132275842e-23	-7.173644301281066e-23
0.08460000000000001	1.183966544254952e-22	-6.655932083236197e-23
0.0847	1.5752411364823864e-22	-6.109617978559982e-23
0.0848	1.9415492015557215e-22	-5.537150915914313e-23
0.0849	2.2769842913739975e-22	-4.941088091295073e-23
0.085	2.5761328868404315e-22	-4.3240839491515225e-23
0.08510000000000001	2.834162079835495e-22	-3.688878777447004e-23
0.0852	3.0468979238931605e-22	-3.0382869640091937e-23
0.0853	3.2108931796609775e-22	-2.3751849627891946e-23
0.0854	3.3234833525817637e-22	-1.702499019730456e-23
0.0855	3.382830109573472e-22	-1.023192708829367e-23
0.08560000000000001	3.3879513657307625e-22	-3.402543296523773e-24
0.0857	3.3387375479116832e-22	3.433157819488567e-24
0.0858	3.235953765999191e-22	1.0245179779055674e-23
0.0859	3.0812278510043214e-22	1.700366004695754e-23
0.08600000000000001	2.8770244482905896e-22	2.3678996408538062e-23
0.08610000000000001	2.626605580327783e-22	3.02419721361084e-23
0.0862	2.3339783128475306e-22	3.666387943595473e-23
0.0863	2.0038303675054814e-22	4.291664067267023e-23
0.0864	1.6414547197548046e-22	4.8972926876880155e-23
0.08650000000000001	1.2526643994155418e-22	5.480627305379809e-23
0.08660000000000001	8.436988704819883e-23	6.039118982322846e-23
0.0867	4.211235034537881e-23	6.570327093667097e-23
0.0868	-8.276234320164716e-25	7.0719296234011e-23
0.0869	-4.376041589565678e-23	7.541732962079601e-23
0.08700000000000001	-8.599645516073511e-23	7.97768116672559e-23
0.08710000000000001	-1.2685733425142514e-22	8.377864645195165e-23
0.0872	-1.6568674986023017e-22	8.740528229612745e-23
0.0873	-2.0186108446818911e-22	9.064078605941551e-23
0.0874	-2.347994606069484e-22	9.34709106934128e-23
0.08750000000000001	-2.6397310459644327e-22	9.588315577671901e-23
0.0876	-2.8891386828388373e-22	9.786682078314938e-23
0.0877	-3.0922177095996776e-22	9.941305086398476e-23
0.0878	-3.2457143951389504e-22	1.0051487495509038e-22
0.0879	-3.3471734275246257e-22	1.0116723605050119e-22
0.08800000000000001	-3.3949773535912764e-22	1.0136701351542839e-22
0.0881	-3.388372478893974e-22	1.0111303734355077e-22
0.0882	-3.3274808114850286e-22	1.0040609429573109e-22
0.0883	-3.2132978591978226e-22	9.92489258898509e-23
0.0884	-3.0476763193953376e-22	9.764621824415486e-23
0.08850000000000001	-2.8332959287391606e-22	9.560458380920849e-23
0.0886	-2.573619964742411e-22	9.31325350561792e-23
0.0887	-2.272839107044395e-22	9.024045022152175e-23
0.0888	-1.9358035709774145e-22	8.694053124016505e-23
0.0889	-1.5679446157596277e-22	8.324675403082958e-23
0.08900000000000001	-1.1751867014669578e-22	7.917481132802979e-23
0.0891	-7.638517200221961e-23	7.474204828552866e-23
0.0892	-3.4055685333926077e-23	6.996739110536465e-23
0.0893	8.789228559162572e-24	6.487126897499834e-23
0.08940000000000001	5.1461149716394366e-23	5.947552962244129e-23
0.08950000000000001	9.3274904604934e-23	5.380334882543058e-23
0.0896	1.3355961207261457e-22	4.787913423557507e-23
0.0897	1.716694914340001e-22	4.1728423901936645e-23
0.0898	2.0699425791074652e-22	3.537777990055609e-23
0.08990000000000001	2.389689374344481e-22	2.885467749689914e-23
0.09000000000000001	2.6708294233095936e-22	2.2187390287088332e-23
0.0901	2.908882614847842e-22	1.5404871780890553e-23
0.0902	3.1000663303210344e-22	8.536633904776842e-24
0.0903	3.2413558421547494e-22	1.612622916897066e-24
0.09040000000000001	3.330532414817206e-22	-5.336906762642237e-24
0.09050000000000001	3.3662183391546186e-22	-1.2281520293156985e-23
0.0906	3.3478983434821994e-22	-1.9190731205748468e-23
0.0907	3.275927046206077e-22	-2.603413072040818e-23
0.0908	3.151522341420737e-22	-3.278151705808094e-23
0.09090000000000001	2.9767448372006913e-22	-3.940302421647311e-23
0.091	2.754463692467244e-22	-4.586924967903968e-23
0.0911	2.4883094186828133e-22	-5.2151380529369964e-23
0.0912	2.1826144236260693e-22	-5.822131744800959e-23
0.0913	1.842342272699167e-22	-6.405179607574997e-23
0.09140000000000001	1.473006825401392e-22	-6.961650523640878e-23
0.0915	1.0805825678148525e-22	-7.48902015231772e-23
0.0916	6.714076035435925e-23	-7.984881976569749e-23
0.0917	2.520808832426398e-23	-8.446957891003349e-23
0.0918	-1.706446552365804e-23	-8.873108286067492e-23
0.09190000000000001	-5.899712994391183e-23	-9.261341585246959e-23
0.092	-9.991663546868309e-23	-9.6098231941004e-23
0.0921	-1.3916707358584712e-22	-9.916883822223273e-23
0.0922	-1.7612045997185337e-22	-1.0181027141610406e-22
0.09230000000000001	-2.1018683090753295e-22	-1.0400936747444123e-22
0.09240000000000001	-2.4082370979267844e-22	-1.0575482390026568e-22
0.0925	-2.6754479110914864e-22	-1.0703725449409258e-22
0.0926	-2.8992770208887435e-22	-1.078492362722918e-22
0.0927	-3.0762071750982973e-22	-1.0818534833332826e-22
0.09280000000000001	-3.203483202206989e-22	-1.0804220247946407e-22
0.09290000000000001	-3.279155189007095e-22	-1.0741846543417013e-22
0.093	-3.3021085488531235e-22	-1.0631487252896101e-22
0.0931	-3.2720805129783225e-22	-1.0473423276749556e-22
0.0932	-3.1896627987132006e-22	-1.026814252094565e-22
0.09330000000000001	-3.0562904336158235e-22	-1.0016338665177284e-22
0.09340000000000001	-2.8742169397373433e-22	-9.718909062010225e-23
0.0935	-2.6464763038298854e-22	-9.376951771892713e-23
0.0936	-2.3768323736445156e-22	-8.99176174240851e-23
0.0937	-2.0697165240730204e-22	-8.564826143685671e-23
0.09380000000000001	-1.7301546264440676e-22	-8.097818875372151e-23
0.09390000000000001	-1.3636845267184688e-22	-7.592594264050936e-23
0.094	-9.762653908369661e-23	-7.051179973366463e-23
0.0941	-5.74180405595481e-23	-6.475769152464837e-23
0.0942	-1.639344290604542e-23	-5.868711851599575e-23
0.09430000000000001	2.4785173600952776e-23	-5.232505736900556e-23
0.0944	6.545487202559898e-23	-4.569786139343956e-23
0.0945	1.0496258680900112e-22	-3.8833154758766824e-23
0.0946	1.4267566759502694e-22	-3.1759720834282043e-23
0.0947	1.7799206773941905e-22	-2.4507385091717842e-23
0.09480000000000001	2.1035001251923457e-22	-1.710689302874877e-23
0.0949	2.3923699086789633e-22	-9.589783594773973e-24
0.095	2.641979258061398e-22	-1.988258621593356e-24
0.0951	2.848423924312054e-22	5.664951219042726e-24
0.0952	3.008507681383095e-22	1.333672339175023e-23
0.09530000000000001	3.119792174164837e-22	2.0993682853135164e-23
0.0954	3.180634327932773e-22	2.860234321905174e-23
0.0955	3.190210739815314e-22	3.612924916494838e-23
0.0956	3.1485286866844205e-22	4.354111947210095e-23
0.09570000000000001	3.05642360330279e-22	5.080499012628786e-23
0.09580000000000001	2.915543105943109e-22	5.788835687148118e-23
0.0959	2.728317856391194e-22	6.47593166196685e-23
0.096	2.4979197756526096e-22	7.138670711879331e-23
0.0961	2.2282083222904634e-22	7.774024428416264e-23
0.09620000000000001	1.9236657437687128e-22	8.379065660450979e-23
0.09630000000000001	1.5893223873089738e-22	8.950981604209582e-23
0.0964	1.2306733166865727e-22	9.487086485695815e-23
0.0965	8.535876205030238e-23	9.984833779849674e-23
0.0966	4.642119135326225e-23	1.0441827912302709e-22
0.09670000000000001	6.886962388118845e-24	1.0855835391376338e-22
0.09680000000000001	-3.2604227652604116e-23	1.1224795319974463e-22
0.0969	-7.141574032084219e-23	1.154682923925109e-22
0.097	-1.089243247761909e-22	1.182025025837815e-22
0.0971	-1.4453019380379334e-22	1.2043571427387601e-22
0.09720000000000001	-1.7766668302788264e-22	1.2215513312909526e-22
0.09730000000000001	-2.0780933666898295e-22	1.2335010739663454e-22
0.0974	-2.3448427305767615e-22	1.2401218663769933e-22
0.0975	-2.572756953720903e-22	1.2413517147327622e-22
0.0976	-2.758324275020122e-22	1.2371515407229697e-22
0.09770000000000001	-2.8987337131682123e-22	1.2275054914863678e-22
0.0978	-2.9919179965206095e-22	1.212421152713372e-22
0.0979	-3.0365841872863983e-22	1.1919296633150624e-22
0.098	-3.0322315415569957e-22	1.1660857304941638e-22
0.0981	-2.9791563580267905e-22	1.1349675444613628e-22
0.09820000000000001	-2.878443783068388e-22	1.0986765924555477e-22
0.0983	-2.731946754534426e-22	1.0573373721464573e-22
0.0984	-2.5422524777160483e-22	1.0110970049211075e-22
0.0985	-2.3126370308121417e-22	9.601247499802216e-23
0.09860000000000001	-2.0470088906939808e-22	9.046114205948789e-23
0.09870000000000001	-1.7498423495119492e-22	8.447687042960254e-23
0.0988	-1.4261019558427998e-22	7.808283891879183e-23
0.0989	-1.0811592579583615e-22	7.130414989896756e-23
0.099	-7.207032490757415e-23	6.416773398145076e-23
0.09910000000000001	-3.506460131591931e-23	5.670224620928823e-23
0.09920000000000001	2.2974856586078504e-24	4.8937954143163515e-23
0.0993	3.940954471062661e-23	4.0906618257452335e-23
0.0994	7.567246830744636e-23	3.26413650988144e-23
0.0995	1.105041819910226e-22	2.4176553694134455e-23
0.09960000000000001	1.4334906735310588e-22	1.554763572711334e-23
0.09970000000000001	1.736869048547269e-22	6.791010033558445e-24
0.0998	2.0104119123543549e-22	-2.0561280059273502e-24
0.0999	2.2498669721292583e-22	-1.0955941570761041e-23
0.1	2.4515614431886997e-22	-1.9870111373353323e-23
0.10010000000000001	2.612458948269917e-22	-2.875999784930211e-23
0.10020000000000001	2.730205655446778e-22	-3.758680589460371e-23
0.1003	2.803164944747827e-22	-4.6311751463299114e-23
0.1004	2.830440086993341e-22	-5.489622932518473e-23
0.1005	2.811884619654231e-22	-6.330198127234278e-23
0.10060000000000001	2.7481003102609124e-22	-7.149126405536004e-23
0.10070000000000001	2.6404228046004484e-22	-7.942701632504005e-23
0.1008	2.490895261172977e-22	-8.707302385359382e-23
0.1009	2.3022304717237986e-22	-9.439408231038437e-23
0.101	2.077762156824868e-22	-1.0135615687158514e-22
0.10110000000000001	1.82138630231192e-22	-1.0792653795051613e-22
0.1012	1.5374935639726363e-22	-1.1407399234593504e-22
0.1013	1.23089391157429e-22	-1.1976890911917815e-22
0.1014	9.06734806773002e-23	-1.2498343952776172e-22
0.1015	5.704143106623711e-23	-1.296916303628655e-22
0.10160000000000001	2.2749059409291518e-23	-1.3386955006082648e-22
0.1017	-1.1641062379363444e-23	-1.374954069845344e-22
0.1018	-4.5568915688493575e-23	-1.4054965929914686e-22
0.1019	-7.848624010322688e-23	-1.4301511589786491e-22
0.10200000000000001	-1.098654824114769e-22	-1.4487702786751376e-22
0.10210000000000001	-1.392083422031574e-22	-1.4612317002018055e-22
0.1022	-1.6605377412502274e-22	-1.467439120561011e-22
0.1023	-1.8998531675364824e-22	-1.467322789641989e-22
0.1024	-2.1063763008743773e-22	-1.4608400030999467e-22
0.10250000000000001	-2.2770213762315206e-22	-1.447975481058873e-22
0.10260000000000001	-2.409316846279871e-22	-1.428741630058552e-22
0.1027	-2.5014414127235487e-22	-1.4031786861526357e-22
0.1028	-2.5522489745583906e-22	-1.371354737565162e-22
0.1029	-2.5612821512615963e-22	-1.3333656258251704e-22
0.10300000000000001	-2.5287742333264176e-22	-1.2893347248211934e-22
0.10310000000000001	-2.455639608394499e-22	-1.2394125977472967e-22
0.1032	-2.343452905162704e-22	-1.183776532447779e-22
0.1033	-2.1944172859624833e-22	-1.122629956205527e-22
0.1034	-2.0113224992444927e-22	-1.056201731558868e-22
0.10350000000000001	-1.7974934721170639e-22	-9.847453352687952e-23
0.10360000000000001	-1.5567303777660796e-22	-9.085379230923105e-23
0.1037	-1.2932412504588667e-22	-8.278792835452108e-23
0.1038	-1.0115683396368285e-22	-7.430906843553505e-23
0.1039	-7.165094924077039e-23	-6.545136158157903e-23
0.10400000000000001	-4.130359289867323e-23	-5.625084357398932e-23
0.1041	-1.0620782715295328e-23	-4.674529211994552e-23
0.1042	1.9891084118600546e-23	-3.69740732685391e-23
0.1043	4.973367760037394e-23	-2.697797967709277e-23
0.1044	7.842496949188059e-23	-1.6799061377260843e-23
0.10450000000000001	1.0550711825694184e-22	-6.4804497296890594e-24
0.1046	1.3055387373843802e-22	3.933824707503557e-24
0.1047	1.531773801377948e-22	1.439901963761885e-23
0.1048	1.7303426706369707e-22	2.486987302217724e-23
0.10490000000000001	1.8983093143708834e-22	3.5300798798968544e-23
0.10500000000000001	2.0332792763914875e-22	4.564608548064398e-23
0.1051	2.13343399207795e-22	5.586009677287763e-23
0.1052	2.1975550234205714e-22	6.589747333434243e-23
0.1053	2.2250378916363474e-22	7.571333478782147e-23
0.10540000000000001	2.2158953679981146e-22	8.526348108282804e-23
0.10550000000000001	2.170750265749617e-22	9.450459230493844e-23
0.1056	2.0908179561253008e-22	1.0339442602615028e-22
0.1057	1.977879006437262e-22	1.1189201129359261e-22
0.1058	1.834242504926571e-22	1.1995783836114955e-22
0.10590000000000001	1.662700792751927e-22	1.2755404327992794e-22
0.10600000000000001	1.4664764654657502e-22	1.3464458647898783e-22
0.1061	1.2491626322214826e-22	1.411954244873428e-22
0.1062	1.014657528675242e-22	1.4717467397189497e-22
0.1063	7.670946673274501e-23	1.5255276729368743e-22
0.10640000000000001	5.1076977550180884e-23	1.5730259881636865e-22
0.10650000000000001	2.5006581525389727e-23	1.613996612362368e-22
0.1066	-1.0622599369225616e-24	1.648221712422844e-22
0.1067	-2.669640743492013e-23	1.6755118385732702e-22
0.1068	-5.14763308658965e-23	1.6957069485735305e-22
0.10690000000000001	-7.500307272355903e-23	1.7086773071549055e-22
0.10700000000000001	-9.690477018136055e-23	1.7143242556927026e-22
0.1071	-1.168426276259539e-22	1.7125808476496742e-22
0.1072	-1.3451624201335244e-22	1.7034123459049375e-22
0.1073	-1.4966819575475826e-22	1.686816578683345e-22
0.10740000000000001	-1.6208784556964416e-22	1.6628241514214192e-22
0.1075	-1.7161425061556485e-22	1.6314985125452686e-22
0.1076	-1.781381989453206e-22	1.592935871790692e-22
0.1077	-1.8160330766568835e-22	1.5472649703627356e-22
0.1078	-1.8200618878291865e-22	1.494646702908463e-22
0.10790000000000001	-1.7939568932024683e-22	1.4352735919596983e-22
0.108	-1.7387123058564705e-22	1.3693691161886628e-22
0.1081	-1.6558028716506277e-22	1.297186894504919e-22
0.1082	-1.547150610412417e-22	1.2190097287054836e-22
0.10830000000000001	-1.4150841993228752e-22	1.1351485080652674e-22
0.10840000000000001	-1.2622918127051484e-22	1.0459409799216434e-22
0.1085	-1.0917683399069004e-22	9.517503909601279e-23
0.1086	-9.067579928649234e-23	8.529640045440161e-23
0.1087	-7.106933857784769e-23	7.499915000489481e-23
0.10880000000000001	-5.0713221996921466e-23	6.432632607563289e-23
0.10890000000000001	-2.996927367300844e-23	5.332285574291838e-23
0.109	-9.19891093911993e-24	4.2035363523238865e-23
0.1091	1.1243206700805185e-23	3.051197121677788e-23
0.1092	3.101530637466931e-23	1.8802089766802196e-23
0.10930000000000001	4.97943013217605e-23	6.956204042855896e-24
0.10940000000000001	6.72811612231019e-23	-4.974348504502529e-24
0.1095	8.320576256695836e-23	-1.693760433433075e-23
0.1096	9.733113880669195e-23	-2.8881204437027195e-23
0.1097	1.094570619971113e-22	-4.0752628046392046e-23
0.10980000000000001	1.1942290064973504e-22	-5.249942837953256e-23
0.10990000000000001	1.2710971247750248e-22	-6.406946932527823e-23
0.11	1.324415452414769e-22	-7.541116198994493e-23
0.1101	1.353859337927337e-22	-8.647370000259169e-23
0.1102	1.3595359634429734e-22	-9.720729248054211e-23
0.11030000000000001	1.3419734773369765e-22	-1.0756339355961221e-22
0.11040000000000001	1.3021026167591862e-22	-1.1749492740271795e-22
0.1105	1.2412312749906246e-22	-1.2695650761483577e-22
0.1106	1.1610125935696668e-22	-1.3590465001197577e-22
0.1107	1.0634072720019888e-22	-1.4429797771670463e-22
0.11080000000000001	9.506408865956098e-23	-1.5209741758277046e-22
0.1109	8.251570928256031e-23	-1.5926638698639217e-22
0.111	6.895676512213258e-23	-1.6577097006170943e-22
0.1111	5.466002640041891e-23	-1.7158008250259978e-22
0.11120000000000001	3.990452378632241e-23	-1.7666562410222153e-22
0.11130000000000001	2.4970199697261946e-23	-1.8100261825527605e-22
0.1114	1.0132645964062705e-23	-1.8456933770561113e-22
0.1115	-4.341973779779212e-24	-1.873474158833374e-22
0.1116	-1.8201723434151562e-23	-1.8932194324074588e-22
0.11170000000000001	-3.1213328480379854e-23	-1.904815480646967e-22
0.11180000000000001	-4.3166165851991206e-23	-1.908184613145048e-22
0.1119	-5.387574028179037e-23	-1.903285651083259e-22
0.112	-6.318658854676566e-23	-1.8901142455730666e-22
0.1121	-7.097456480885164e-23	-1.8687030272492822e-22
0.11220000000000001	-7.714847280154649e-23	-1.8391215856866592e-22
0.11230000000000001	-8.165102369217627e-23	-1.8014762780193188e-22
0.1124	-8.4459111802165e-23	-1.7559098669585802e-22
0.1125	-8.558341373379478e-23	-1.7026009892238494e-22
0.1126	-8.506732957393342e-23	-1.6417634562200504e-22
0.11270000000000001	-8.298529747186564e-23	-1.573645389608468e-22
0.11280000000000001	-7.944052477939505e-23	-1.4985281952231386e-22
0.1129	-7.456218987219368e-23	-1.4167253795762134e-22
0.113	-6.850217853735041e-23	-1.3285812139706937e-22
0.1131	-6.143142723221183e-23	-1.2344692519926565e-22
0.11320000000000001	-5.353595244000006e-23	-1.1347907068829923e-22
0.11330000000000001	-4.5012650644602685e-23	-1.0299726959894172e-22
0.1134	-3.6064957028390363e-23	-9.204663601657085e-23
0.1135	-2.689845280528837e-23	-8.067448666170007e-23
0.1136	-1.7716511113422858e-23	-6.893013042816417e-23
0.11370000000000001	-8.71606961949951e-24	-5.686464813891585e-23
0.11380000000000001	-8.361447754338617e-26	-4.4530663533746945e-23
0.1139	8.008544881870379e-24	-3.198210654880487e-23
0.114	1.540563736667915e-23	-1.92739699882465e-23
0.11410000000000001	2.1973363590755932e-23	-6.462060723422852e-24
0.11420000000000001	2.760034568812458e-23	6.397253415227786e-24
0.1143	3.2200048655759925e-23	1.92472998645888e-23
0.1144	3.571213952269276e-23	3.203135946634348e-23
0.1145	3.8103262460423195e-23	4.469292529610793e-23
0.11460000000000001	3.9367220129779833e-23	5.717596095862052e-23
0.11470000000000001	3.9524563857753566e-23	6.942515712326404e-23
0.1148	3.862160740842127e-23	8.138618508011359e-23
0.1149	3.672889091231994e-23	9.300594610872021e-23
0.115	3.3939132713911215e-23	1.0423281546994734e-22
0.11510000000000001	3.036471726548144e-23	1.1501687985505255e-22
0.11520000000000001	2.613477653310173e-23	1.2531016715614206e-22
0.1153	2.139193050258771e-23	1.3506686745757983e-22
0.1154	1.6288759121549103e-23	1.4424354418898758e-22
0.1155	1.0984083256309237e-23	1.5279933442688248e-22
0.11560000000000001	5.639135878416668e-24	1.6069613738346407e-22
0.11570000000000001	4.137066557458165e-25	1.6789879017737941e-22
0.1158	-4.537656627845474e-24	1.7437523004217531e-22
0.1159	-9.069307864098159e-24	1.8009664219335347e-22
0.116	-1.30479448067013e-23	1.8503759264393706e-22
0.11610000000000001	-1.635575959368706e-23	1.891761453312043e-22