0.	Indeterminate	Indeterminate
0.0001	-5.950042955894304e-23	6.208757891977096e-24
0.0002	-6.068996894130626e-23	1.2525353047563397e-23
0.00030000000000000003	-6.262357951347555e-23	1.9054042875594567e-23
0.0004	-6.52290502670184e-23	2.589200682886539e-23
0.0005	-6.840770223702855e-23	3.312601010911057e-23
0.0006000000000000001	-7.203674312745832e-23	4.082930586347002e-23
0.0007	-7.597220777848457e-23	4.905884759081273e-23
0.0008	-8.005242172950727e-23	5.78528770094773e-23
0.0009000000000000001	-8.410191383316752e-23	6.722894480074112e-23
0.001	-8.793569408257165e-23	7.718241259167047e-23
0.0011	-9.136380472677756e-23	8.768547445846557e-23
0.0012000000000000001	-9.419604653581298e-23	9.868672531939635e-23
0.0013000000000000002	-9.624677786621436e-23	1.101112920642545e-22
0.0014	-9.733968206170696e-23	1.218615313668831e-22
0.0015	-9.731239875003414e-23	1.3381828608878054e-22
0.0016	-9.602091677230404e-23	1.4584268024832824e-22
0.0017000000000000001	-9.334363076898071e-23	1.577784209437403e-22
0.0018000000000000002	-8.918496976805149e-23	1.6945456461394588e-22
0.0019	-8.347851435650712e-23	1.8068869482506452e-22
0.002	-7.61895290082011e-23	1.9129044959021495e-22
0.0021000000000000003	-6.731684769610923e-23	2.0106532825700343e-22
0.0022	-5.689406380999353e-23	2.0981870139667798e-22
0.0023	-4.498998937913541e-23	2.1735994204154724e-22
0.0024000000000000002	-3.170836338931822e-23	2.235065931532697e-22
0.0025	-1.718680429163038e-23	2.2808848444276257e-22
0.0026000000000000003	-1.5950173245079977e-24	2.3095171164812787e-22
0.0027	1.48677172992597e-23	2.3196239312115444e-22
0.0028	3.197573426056277e-23	2.310101220519509e-22
0.0029000000000000002	4.9480795652780797e-23	2.280110378170876e-22
0.003	6.711645741638816e-23	2.229104466779152e-22
0.0031000000000000003	8.460290888855115e-23	2.156849302594648e-22
0.0032	1.0165219411386106e-22	2.063438897541273e-22
0.0033	1.1797371474145458e-22	1.949304844391947e-22
0.0034000000000000002	1.3327990743165069e-22	1.8152193467126354e-22
0.0035	1.4729198386183534e-22	1.662291718020198e-22
0.0036000000000000003	1.5974561876703324e-22	1.4919583021257565e-22
0.0037	1.703964710437471e-22	1.3059658964024502e-22
0.0038	1.7902542481113178e-22	1.1063488891953628e-22
0.0039000000000000003	1.8544344144215354e-22	8.954004492442349e-23
0.004	1.8949591988582016e-22	6.756382263173076e-23
0.0041	1.910664709937016e-22	4.4976513584704465e-23
0.004200000000000001	1.9008002189250125e-22	2.2062590394007552e-23
0.0043	1.8650517852368608e-22	-8.839859391631481e-25
0.0044	1.8035578808032718e-22	-2.356472134384629e-23
0.0045000000000000005	1.716916579586327e-22	-4.5681715920616547e-23
0.0046	1.60618403729099e-22	-6.694286788331114e-23
0.0047	1.4728641522062976e-22	-8.706705627791589e-23
0.0048000000000000004	1.3188894678585117e-22	-1.0578920371295424e-22
0.0049	1.1465935485302292e-22	-1.2286512138601481e-22
0.005	9.586752264201636e-23	-1.3807604162985193e-22
0.0051	7.581552810421196e-23	-1.5123274798849796e-22
0.005200000000000001	5.483262642335401e-23	-1.621792193931478e-22
0.0053	3.326963248604042e-23	-1.707957132289329e-22
0.0054	1.1492801317210064e-23	-1.770012218245163e-22
0.0055000000000000005	-1.012268467539094e-23	-1.8075524798414097e-22
0.0056	-3.1199503914991665e-23	-1.8205885741708683e-22
0.0057	-5.1365134852213604e-23	-1.8095497908002906e-22
0.0058000000000000005	-7.025881721838413e-23	-1.7752793829201958e-22
0.0059	-8.753840435697002e-23	-1.719022217537325e-22
0.006	-1.028869760582156e-22	-1.6424048803622667e-22
0.0061	-1.16019084196739e-22	-1.5474085142903335e-22
0.006200000000000001	-1.266865087847276e-22	-1.4363348098218737e-22
0.0063	-1.3468340972582967e-22	-1.3117656987653604e-22
0.0064	-1.398507694633395e-22	-1.1765174265613597e-22
0.006500000000000001	-1.420800336944615e-22	-1.0335897911578484e-22
0.0066	-1.4131587116406504e-22	-8.861114353536649e-23
0.0067	-1.375579890138242e-22	-7.37282162942687e-23
0.0068000000000000005	-1.308619569714376e-22	-5.903133151490745e-23
0.006900000000000001	-1.2133901151816815e-22	-4.483672913656324e-23
0.007	-1.0915482974808275e-22	-3.1449732605288614e-23
0.0071	-9.452728159025349e-23	-1.9158864114328857e-23
0.007200000000000001	-7.772318805750926e-23	-8.230208011436007e-24
0.0073	-5.905413186066181e-23	1.0978703882101605e-24
0.0074	-3.88713847374799e-23	8.619548736675484e-24
0.007500000000000001	-1.7560032852907374e-23	1.4165819812096292e-23
0.0076	4.467602690916892e-24	1.760812651389848e-23
0.0077	2.6779139139173315e-23	1.886128510148572e-23
0.0078000000000000005	4.8929775907646843e-23	1.7885634352548975e-23
0.0079	7.047027566495184e-23	1.4688361847374726e-23
0.008	9.095514170736215e-23	9.323973139103428e-24
0.0081	1.099508454710503e-22	1.8938848887403676e-24
0.0082	1.2704395545082234e-22	-7.454861146008784e-24
0.0083	1.418490189003971e-22	-1.853175036195994e-23
0.008400000000000001	1.5401605049705834e-22	-3.1105784962134e-23
0.0085	1.6323748763411222e-22	-4.49092666091158e-23
0.0086	1.6925448008026113e-22	-5.964231278227696e-23
0.008700000000000001	1.7186239229031772e-22	-7.497803357789596e-23
0.0088	1.709154094956098e-22	-9.056828292453844e-23
0.0089	1.6633015363111668e-22	-1.06049886856419e-22
0.009000000000000001	1.5808823191694802e-22	-1.2105124181100309e-22
0.0091	1.4623765921653587e-22	-1.3519916808151688e-22
0.0092	1.3089311482547503e-22	-1.4812589771588243e-22
0.009300000000000001	1.1223501476179775e-22	-1.594760724315822e-22
0.0094	9.050740157092859e-23	-1.6891362559433618e-22
0.0095	6.601467475526781e-23	-1.7612842303151044e-22
0.009600000000000001	3.911720581280449e-23	-1.8084254042305634e-22
0.0097	1.0225902146442017e-23	-1.8281606019746827e-22
0.0098	-2.0204196580656493e-23	-1.8185227818171722e-22
0.0099	-5.168118807001463e-23	-1.7780221959778423e-22
0.01	-8.368432506654732e-23	-1.7056837521274848e-22
0.010100000000000001	-1.156726487600555e-22	-1.6010758134860253e-22
0.0102	-1.4709409339259633e-22	-1.4643298182511688e-22
0.0103	-1.7739490781965297e-22	-1.2961502549975271e-22
0.010400000000000001	-2.0602923267859423e-22	-1.0978146961522666e-22
0.0105	-2.3246866750869103e-22	-8.711637638168468e-23
0.0106	-2.56211660738707e-22	-6.185810780676713e-23
0.010700000000000001	-2.7679255695619105e-22	-3.429634143513527e-23
0.0108	-2.9379014029103695e-22	-4.76814705827728e-24
0.0109	-3.0683552002696083e-22	2.634681870273673e-23
0.011000000000000001	-3.1561921458971606e-22	5.863192705463324e-23
0.0111	-3.198973026925897e-22	9.163991320287581e-23
0.0112	-3.194965254437372e-22	1.2489983288280788e-22
0.011300000000000001	-3.143182403888624e-22	1.5792452632870286e-22
0.0114	-3.0434114749027963e-22	1.9021846686465939e-22
0.0115	-2.8962272760893403e-22	2.2128586346815414e-22
0.011600000000000001	-2.702993558103514e-22	2.506388810350326e-22
0.0117	-2.4658507438689014e-22	2.7780583877633082e-22
0.0118	-2.1876903348896136e-22	3.023392462751383e-22
0.0119	-1.8721163028953196e-22	3.238235382566765e-22
0.012	-1.5233940026901633e-22	3.4188237306590905e-22
0.012100000000000001	-1.1463873610577386e-22	3.561853661509035e-22
0.0122	-7.464853040646506e-23	3.6645413842220547e-22
0.0123	-3.2951857743971884e-23	3.7246757006404447e-22
0.012400000000000001	9.833171153393478e-24	3.740661630399173e-22
0.0125	5.306323501039333e-23	3.7115542995574705e-22
0.0126	9.608014659687689e-23	3.6370824287977906e-22
0.012700000000000001	1.3822154540402554e-22	3.517660929035449e-22
0.0128	1.7883176028781105e-22	3.3543922937372728e-22
0.0129	2.172726597523204e-22	3.1490566652363637e-22
0.013000000000000001	2.529343064318498e-22	2.904090643656879e-22
0.0131	2.8524523434943458e-22	2.6225550984587165e-22
0.0132	3.136821726629149e-22	2.308092430792444e-22
0.013300000000000001	3.377790477861182e-22	1.9648739165761781e-22
0.0134	3.5713510686817115e-22	1.5975379323198888e-22
0.0135	3.714220194531771e-22	1.2111200252336278e-22
0.013600000000000001	3.8038983050279312e-22	8.109759332709539e-23
0.0137	3.8387165657853526e-22	4.0269878693677097e-23
0.013800000000000002	3.8178703754203007e-22	-7.968169314225726e-25
0.013900000000000001	3.7414387829854334e-22	-4.152219143533706e-23
0.014	3.610389385115366e-22	-8.132915643114296e-23
0.014100000000000001	3.4265685246081924e-22	-1.1965303456368996e-22
0.0142	3.1926768589508207e-22	-1.5595060997189095e-22
0.0143	2.9122306142330723e-22	-1.8970888072647136e-22
0.014400000000000001	2.589509082789156e-22	-2.2045336619995256e-22
0.0145	2.2294891576094333e-22	-2.4775582896770426e-22
0.0146	1.837767919058902e-22	-2.7124127988362277e-22
0.014700000000000001	1.4204744958924173e-22	-2.905941462786264e-22
0.0148	9.841726094005532e-23	-3.0556349661303857e-22
0.0149	5.357553735030257e-23	-3.1596723015734083e-22
0.015000000000000001	8.233406185764703e-24	-3.2169515712961924e-22
0.0151	-3.688773368772424e-23	-3.227109129041478e-22
0.0152	-8.106798745755722e-23	-3.190526691220261e-22
0.015300000000000001	-1.2360077606370437e-22	-3.108326244613764e-22
0.0154	-1.6380448753958337e-22	-2.982352781278663e-22
0.0155	-2.0103377321548451e-22	-2.8151450946537174e-22
0.015600000000000001	-2.346902990114463e-22	-2.6098950711879163e-22
0.015700000000000002	-2.642327702610917e-22	-2.3703961056783545e-22
0.0158	-2.891860598049492e-22	-2.1009814526329457e-22
0.0159	-3.0914928329262346e-22	-1.8064534972255254e-22
0.016	-3.2380268250967417e-22	-1.4920050848632308e-22
0.0161	-3.3291319682320984e-22	-1.1631341853694221e-22
0.0162	-3.3633862420458245e-22	-8.255532839354241e-23
0.016300000000000002	-3.3403029638692265e-22	-4.8509498428841173e-23
0.0164	-3.260342171677594e-22	-1.4761537831874138e-23
0.0165	-3.1249063826718964e-22	1.8110322052776278e-23
0.0166	-2.936320730772647e-22	4.9544856626526947e-23
0.0167	-2.697797746557865e-22	7.900721883457913e-23
0.016800000000000002	-2.41338729992067e-22	1.0599789523506726e-22
0.016900000000000002	-2.0879124747248928e-22	1.3006109706218245e-22
0.017	-1.7268923818074092e-22	1.5079244488305477e-22
0.0171	-1.336453137812204e-22	1.6784581671432635e-22
0.0172	-9.232284387953216e-23	1.809392429385039e-22
0.0173	-4.9425133588684074e-23	1.8985974682363837e-22
0.017400000000000002	-5.683897248616208e-24	1.944670466503372e-22
0.0175	3.8152783411899e-23	1.9469605410545787e-22
0.0176	8.133281913260416e-23	1.9055812340488433e-22
0.0177	1.2311258746589435e-22	1.8214102623152407e-22
0.0178	1.6276931544608639e-22	1.696076486774809e-22
0.0179	1.996131652110287e-22	1.5319342761085097e-22
0.018000000000000002	2.3299882140682196e-22	1.3320256489440966e-22
0.0181	2.6233638676430614e-22	1.1000307831514388e-22
0.0182	2.871014030315919e-22	8.402076759841651e-23
0.0183	3.0684382830953215e-22	5.573219215149134e-23
0.0184	3.2119581854459926e-22	2.5656773900840336e-23
0.018500000000000003	3.298781802159264e-22	-5.651846525772492e-24
0.018600000000000002	3.3270538279686013e-22	-3.761505922018275e-23
0.0187	3.295890430244855e-22	-6.963898846753771e-23
0.0188	3.2053981798882315e-22	-1.0112449070814275e-22
0.0189	3.0566767014636527e-22	-1.314772820309493e-22
0.019	2.851804941403811e-22	-1.6011802756899895e-22
0.019100000000000002	2.593811223309005e-22	-1.8649222526357253e-22
0.019200000000000002	2.2866275275341245e-22	-2.1007971933490467e-22
0.0193	1.9350286939246284e-22	-2.304036844023043e-22
0.0194	1.5445574973988192e-22	-2.4703892944884615e-22
0.0195	1.1214367818965358e-22	-2.596193815951428e-22
0.0196	6.724700550896168e-23	-2.6784462276061918e-22
0.019700000000000002	2.0493214054764527e-23	-2.7148536753757724e-22
0.0198	-2.735483474873612e-23	-2.703877877358465e-22
0.0199	-7.551128017840236e-23	-2.6447660779497204e-22
0.02	-1.231800678598957e-22	-2.537569153005474e-22
0.0201	-1.6956797234680324e-22	-2.3831465185328114e-22
0.020200000000000003	-2.1389762352481895e-22	-2.1831577117883395e-22
0.020300000000000002	-2.5542032307551283e-22	-1.9400407327749231e-22
0.0204	-2.9342844009239884e-22	-1.6569774523443368e-22
0.0205	-3.272671812775487e-22	-1.337846606835256e-22
0.0206	-3.563455408625465e-22	-9.87165104869599e-23
0.0207	-3.8014624833968245e-22	-6.100185661896459e-23
0.020800000000000003	-3.9823454805126204e-22	-2.1198219201866363e-23
0.020900000000000002	-4.1026566340973993e-22	2.0096677161727634e-23
0.021	-4.159908197061536e-22	6.22543574560514e-23
0.0211	-4.1526172276520975e-22	1.046255985249281e-22
0.0212	-4.0803341574299263e-22	1.4655081793908115e-22
0.0213	-3.9436546272915076e-22	1.873706810606961e-22
0.021400000000000002	-3.744214350786771e-22	2.264367538695061e-22
0.021500000000000002	-3.484667041125964e-22	2.6312202789535964e-22
0.0216	-3.168645715376539e-22	2.9683114522725668e-22
0.0217	-2.800707961874267e-22	3.270101560166114e-22
0.0218	-2.386266020329945e-22	3.5315564809501973e-22
0.0219	-1.9315027741671602e-22	3.7482309817058474e-22
0.022000000000000002	-1.4432749871516055e-22	3.9163430639502628e-22
0.0221	-9.290053275293406e-23	4.0328379070829904e-22
0.0222	-3.965649091819585e-23	4.0954403403250557e-22
0.0223	1.4585176235765133e-23	4.102694958326953e-22
0.0224	6.898574234455709e-23	4.053993194893841e-22
0.022500000000000003	1.2270061548295264e-22	3.949586880121855e-22
0.022600000000000002	1.7489287818471707e-22	3.7905880252245513e-22
0.0227	2.247467375758054e-22	3.5789548028802385e-22
0.0228	2.7148066701927917e-22	3.3174639153987353e-22
0.0229	3.1436002529689565e-22	3.009669764718655e-22
0.023	3.527089474798001e-22	2.6598510535744646e-22
0.023100000000000002	3.8592131314089404e-22	2.272945652586527e-22
0.023200000000000002	4.134706122506603e-22	1.854474760156634e-22
0.0233	4.349185467402706e-22	1.4104575577382869e-22
0.0234	4.499222260259286e-22	9.473177194057942e-23
0.0235	4.582398374381433e-22	4.717832690883287e-23
0.0236	4.597346971214578e-22	-9.218610854992934e-25
0.023700000000000002	4.543776131642948e-22	-4.8867013169586043e-23
0.0238	4.422475200589716e-22	-9.595730660330056e-23
0.0239	4.235303716333956e-22	-1.415058757476445e-22
0.024	3.9851630788143283e-22	-1.8484961988523755e-22
0.0241	3.6759513918705604e-22	-2.253596434499191e-22
0.024200000000000003	3.3125021882970226e-22	-2.6245115996736797e-22
0.024300000000000002	2.9005080092738527e-22	-2.9559269950391024e-22
0.0244	2.4464300569003896e-22	-3.2431447053050683e-22
0.0245	1.957395366140028e-22	-3.482157406545522e-22
0.0246	1.441083146762601e-22	-3.669711164350796e-22
0.0247	9.056021234888027e-23	-3.803356202222858e-22
0.024800000000000003	3.5936085058204065e-23	-3.8814848136281727e-22
0.024900000000000002	-1.8906690684325947e-23	-3.9033557987323713e-22
0.025	-7.310795504390359e-23	-3.8691050246850094e-22
0.0251	-1.2581855640186643e-22	-3.7797419328587262e-22
0.0252	-1.7621397348833842e-22	-3.63713204402538e-22
0.0253	-2.235075474826663e-22	-3.4439657393653537e-22
0.025400000000000002	-2.6696310960572676e-22	-3.2037138177624574e-22
0.025500000000000002	-3.0590679937036424e-22	-2.9205705444069334e-22
0.0256	-3.397378816363242e-22	-2.5993851088154685e-22
0.0257	-3.6793838672493315e-22	-2.2455825986667347e-22
0.0258	-3.90081416826438e-22	-1.8650757662691072e-22
0.025900000000000003	-4.0583798347178084e-22	-1.464169014240631e-22
0.026000000000000002	-4.1498226459187986e-22	-1.0494561536410231e-22
0.0261	-4.1739519526564323e-22	-6.277135892770641e-23
0.0262	-4.1306633324773362e-22	-2.057906615441846e-23
0.0263	-4.020939683300242e-22	2.095010792619558e-23
0.0264	-3.8468347307205194e-22	6.114978724976401e-23
0.026500000000000003	-3.6114392097246175e-22	9.937912383299585e-23
0.026600000000000002	-3.318830262809961e-22	1.3503312186206514e-22
0.0267	-2.9740048691123735e-22	1.6755236943516403e-22
0.0268	-2.582798378639902e-22	1.9643202023215627e-22
0.0269	-2.1517894678734234e-22	2.2122987954187247e-22
0.027	-1.688193053871133e-22	2.41573463604812e-22
0.027100000000000003	-1.1997429000069105e-22	2.5716591789003606e-22
0.027200000000000002	-6.945658143824984e-23	2.6779069844961145e-22
0.0273	-1.810494790387722e-23	2.7331494058123397e-22
0.0274	3.322939478860089e-23	2.736914603531982e-22
0.0275	8.369662456495314e-23	2.6895935675923995e-22
0.027600000000000003	1.3246213152978246e-22	2.5924320501268366e-22
0.027700000000000002	1.7872008933119362e-22	2.447508543899978e-22
0.027800000000000002	2.2170655923869893e-22	2.2576986672080757e-22
0.0279	2.607119142530322e-22	2.0266265372546206e-22
0.028	2.950923815541182e-22	1.7586039256272977e-22
0.0281	3.2428051585995915e-22	1.4585581882475957e-22
0.028200000000000003	3.477944335835357e-22	1.1319501448038543e-22
0.028300000000000002	3.6524565775586068e-22	7.846832462401442e-23
0.0284	3.763454462053086e-22	4.230055106916171e-23
0.0285	3.8090950008031793e-22	5.34058260237806e-24
0.0286	3.7886097607522784e-22	-3.174936910725638e-23
0.0287	3.7023175324020996e-22	-6.830475251515549e-23
0.028800000000000003	3.5516193357899683e-22	-1.0366969911586067e-22
0.028900000000000002	3.3389758430185686e-22	-1.3720790658570077e-22
0.029	3.067867581402929e-22	-1.683132047245599e-22
0.0291	2.7427385608016105e-22	-1.964196319037276e-22
0.0292	2.368924237770424e-22	-2.2101085766441286e-22
0.029300000000000003	1.9525649834434593e-22	-2.4162879772192973e-22
0.029400000000000003	1.5005064573734042e-22	-2.5788128074154564e-22
0.029500000000000002	1.0201885021260434e-22	-2.694486416502212e-22
0.0296	5.195243597683784e-23	-2.76089133683692e-22
0.0297	6.77216848495321e-25	-2.7764307055713036e-22
0.0298	-5.0959917714720085e-23	-2.740356307778216e-22
0.029900000000000003	-1.0210476272352532e-22	-2.652782778545343e-22
0.030000000000000002	-1.51909680786991e-22	-2.5146877264701717e-22
0.030100000000000002	-1.995473831610408e-22	-2.3278977697466997e-22
0.0302	-2.442243852759739e-22	-2.095060704939238e-22
0.0303	-2.8519391859545737e-22	-1.8196042538703354e-22
0.0304	-3.217680894926184e-22	-1.5056820521447186e-22
0.030500000000000003	-3.533290880591778e-22	-1.158107750144624e-22
0.030600000000000002	-3.793392651919568e-22	-7.822782904930917e-23
0.0307	-3.9934991467606365e-22	-3.8408760185268993e-23
0.0308	-4.1300861800641886e-22	3.016789534900156e-24
0.0309	-4.2006503301706814e-22	4.5389044262961976e-23
0.031	-4.2037503264097497e-22	8.8028711974947e-23
0.031100000000000003	-4.1390312689100953e-22	1.3024793251282706e-22
0.031200000000000002	-4.0072312900013115e-22	1.7136137882068288e-22
0.0313	-3.810170551323365e-22	2.1069733166540093e-22
0.031400000000000004	-3.5507227571290343e-22	2.476085485572603e-22
0.0315	-3.232769647612061e-22	2.8148275092160504e-22
0.0316	-2.8611392118142504e-22	3.117525597639825e-22
0.0317	-2.4415286232799004e-22	3.3790471901627016e-22
0.0318	-1.980413148853089e-22	3.5948845730438286e-22
0.031900000000000005	-1.4849425078416923e-22	3.7612285285032654e-22
0.032	-9.62826361520264e-23	3.8750308238487784e-22
0.032100000000000004	-4.222107883275163e-23	3.934054530384701e-22
0.0322	1.2845225470617384e-23	3.9369113590210173e-22
0.0323	6.805403711404061e-23	3.8830854098615586e-22
0.0324	1.2253988734906998e-22	3.7729429531017276e-22
0.0325	1.7544794067185656e-22	3.607728084729779e-22
0.032600000000000004	2.259476806440666e-22	3.38954432911964e-22
0.0327	2.732461981491941e-22	3.1213224879124217e-22
0.0328	3.1660086763861343e-22	2.8067752569106664e-22
0.0329	3.5533120699033174e-22	2.4503393464454407e-22
0.033	3.8882972998398847e-22	2.0571060423479155e-22
0.033100000000000004	4.165716168682043e-22	1.6327413309951927e-22
0.0332	4.381230477910798e-22	1.1833968798819187e-22
0.0333	4.531480656654201e-22	7.156133120773087e-23
0.0334	4.6141385899087185e-22	2.3621733638431026e-23
0.0335	4.627943808640008e-22	-2.4778560696646394e-23
0.033600000000000005	4.572722474548328e-22	-7.293214542543932e-23
0.0337	4.449388871732545e-22	-1.2013586061585036e-22
0.033800000000000004	4.259929401350984e-22	-1.657018207895649e-22
0.0339	4.0073693590351154e-22	-2.0896818489122373e-22
0.034	3.695723053640756e-22	-2.4930949532059807e-22
0.0341	3.329928095388807e-22	-2.861464203146034e-22
0.0342	2.915764937169088e-22	-3.1895474382852256e-22
0.034300000000000004	2.459762990606633e-22	-3.4727345944800255e-22
0.0344	1.9690948545600142e-22	-3.707118395616113e-22
0.0345	1.4514603845382749e-22	-3.8895536779600366e-22
0.0346	9.149624940000202e-23	-4.0177044128704563e-22
0.0347	3.679767100168583e-23	-4.090077694259205e-22
0.034800000000000005	-1.8098339576601063e-23	-4.106044169507871e-22
0.0349	-7.234027161326605e-23	-4.065844613048386e-22
0.035	-1.250900844355369e-22	-3.970582566899948e-22
0.0351	-1.7553658322983105e-22	-3.822203198447747e-22
0.0352	-2.229083309344974e-22	-3.6234587489624713e-22
0.035300000000000005	-2.6648588798502594e-22	-3.377861163158621e-22
0.0354	-3.0561318295504075e-22	-3.089622696944202e-22
0.035500000000000004	-3.397078316018876e-22	-2.763585494062026e-22
0.0356	-3.6827023924347646e-22	-2.4051412994236517e-22
0.0357	-3.9089134147519214e-22	-2.0201426347197038e-22
0.0358	-4.0725886065049585e-22	-1.6148068978071725e-22
0.0359	-4.1716197992720913e-22	-1.1956149592336824e-22
0.036000000000000004	-4.204943626223167e-22	-7.692059152708248e-23
0.0361	-4.172554716954901e-22	-3.422697156197894e-23
0.0362	-4.0755017195099986e-22	7.856058539130315e-24
0.0363	-3.9158662555439723e-22	4.8681520324183515e-23
0.0364	-3.696725192457966e-22	8.762908989398774e-23
0.036500000000000005	-3.4220968874162475e-22	1.2411494863225577e-22
0.0366	-3.0968723180871875e-22	1.5760099830391788e-22
0.0367	-2.7267322594490944e-22	1.876032924918434e-22
0.0368	-2.318051891109299e-22	2.136995495002881e-22
0.0369	-1.8777944216391036e-22	2.355356271906709e-22
0.037000000000000005	-1.4133954921574626e-22	2.5283085747650677e-22
0.0371	-9.326402679643982e-23	2.6538215710355663e-22
0.037200000000000004	-4.435352420795048e-23	2.7306685156567774e-22
0.0373	4.5823143755008794e-24	2.758441702227097e-22
0.0374	5.2738090797433516e-23	2.737553925440807e-22
0.0375	9.932578036315028e-23	2.6692264754094626e-22
0.0376	1.435875317764071e-22	2.555463905067111e-22
0.037700000000000004	1.8480793138391268e-22	2.3990160279866e-22
0.0378	2.223255328193278e-22	2.203327812080287e-22
0.0379	2.555434656556974e-22	1.9724780314167012e-22
0.038	2.839389522218275e-22	1.7111077205435642e-22
0.0381	3.0707158005307986e-22	1.424339640299232e-22
0.038200000000000005	3.245901982239024e-22	1.117690108447656e-22
0.0383	3.3623832870197356e-22	7.969746702495467e-23
0.038400000000000004	3.4185800849141467e-22	4.682091813273114e-23
0.0385	3.4139200428669556e-22	1.3750794633943692e-23
0.0386	3.348843682097054e-22	-1.8901939906637162e-23
0.038700000000000005	3.224793305063256e-22	-5.0537055947056967e-23
0.0388	3.0441855238516967e-22	-8.05751112520696e-23
0.038900000000000004	2.81036789040144e-22	-1.084671251666678e-22
0.039	2.527560388686885e-22	-1.3370371540017455e-22
0.0391	2.200782795526026e-22	-1.5582354813011798e-22
0.0392	1.8357691460498075e-22	-1.7442096395914464e-22
0.0393	1.4388707483012339e-22	-1.8915265621966694e-22
0.039400000000000004	1.0169493755442655e-22	-1.9974329408398567e-22
0.0395	5.772624216665794e-23	-2.0599000063447483e-22
0.0396	1.2734193203288382e-23	-2.077656151826464e-22
0.0397	-3.251304827433345e-23	-2.050206893782155e-22
0.0398	-7.724507808867456e-23	-1.977841876821892e-22
0.039900000000000005	-1.207019574723632e-22	-1.8616288424197187e-22
0.04	-1.6214670776524768e-22	-1.7033946974542787e-22
0.040100000000000004	-2.0087738650254837e-22	-1.5056940308818045e-22
0.0402	-2.362385476509149e-22	-1.2717656331305674e-22
0.0403	-2.6763189952146483e-22	-1.0054777693237248e-22
0.040400000000000005	-2.9452598770992637e-22	-7.112631409985893e-23
0.0405	-3.1646474704772514e-22	-3.9404463858310024e-23
0.040600000000000004	-3.3307478571072377e-22	-5.915313577859883e-24
0.0407	-3.4407128600024905e-22	2.877612952380565e-23
0.0408	-3.4926242952377947e-22	6.408232643067674e-23
0.0409	-3.4855227917004766e-22	9.940294762735694e-23
0.041	-3.4194207598201347e-22	1.3413480596900446e-22
0.041100000000000005	-3.29529935351496e-22	1.6768181677833073e-22
0.0412	-3.1150895345229266e-22	1.9946482089153316e-22
0.0413	-2.881637610537505e-22	2.2893110916270803e-22
0.0414	-2.59865587378871e-22	2.555634923921697e-22
0.0415	-2.270659210676857e-22	2.7888876866981567e-22
0.041600000000000005	-1.9028887817562702e-22	2.984854505789396e-22
0.0417	-1.5012240810171077e-22	3.139906274080362e-22
0.041800000000000004	-1.0720848705949993e-22	3.2510585224965705e-22
0.0419	-6.223246487037733e-23	3.3160196037487796e-22
0.042	-1.591174421204739e-23	3.3332274327897474e-22
0.042100000000000005	3.101601821780981e-23	3.301874219935154e-22
0.0422	7.780499202486363e-23	3.221918833284786e-22
0.042300000000000004	1.2371333448986603e-22	3.0940866330751914e-22
0.0424	1.6801523206013638e-22	2.919856828447309e-22
0.0425	2.100126238891388e-22	2.7014376133441873e-22
0.0426	2.4904641549715443e-22	2.4417295394276578e-22
0.0427	2.845069999445128e-22	2.1442777766714744e-22
0.042800000000000005	3.158439162331193e-22	1.813214093462246e-22
0.0429	3.425744897656313e-22	1.4531895546255524e-22
0.043000000000000003	3.6429131733077827e-22	1.0692990850603477e-22
0.0431	3.806684789429961e-22	6.669991761740306e-23
0.0432	3.9146638060363062e-22	2.5202011996652726e-23
0.043300000000000005	3.9653515529715484e-22	-1.6972576030540492e-23
0.0434	3.958165738933839e-22	-5.922383547634465e-23
0.043500000000000004	3.8934444268175354e-22	-1.0095249253206305e-22
0.0436	3.772434895927325e-22	-1.415694609196074e-22
0.0437	3.597267663370133e-22	-1.8050507179613592e-22
0.0438	3.370916182925184e-22	-2.17217932748362e-22
0.0439	3.0971429758038736e-22	-2.512032724035502e-22
0.044000000000000004	2.780433170006029e-22	-2.8200063654266144e-22
0.0441	2.425916629765815e-22	-3.0920081316056665e-22
0.0442	2.0392800404828365e-22	-3.324518774733295e-22
0.0443	1.6266704745371076e-22	-3.5146426318639903e-22
0.0444	1.1945920968943317e-22	-3.6601478314341006e-22
0.044500000000000005	7.497977742836308e-23	-3.7594954048248095e-22
0.0446	2.9917742632900754e-23	-3.8118569032553906e-22
0.044700000000000004	-1.5035499978197768e-23	-3.8171203149226102e-22
0.0448	-5.919740382908373e-23	-3.775884274315656e-22
0.0449	-1.0190528255225018e-22	-3.689440751651333e-22
0.045000000000000005	-1.4252690125154075e-22	-3.5597466020745873e-22
0.0451	-1.8047047327289774e-22	-3.389384538421187e-22
0.045200000000000004	-2.151938999627279e-22	-3.1815142648546414e-22
0.0453	-2.4621310475049104e-22	-2.9398146686728936e-22
0.0454	-2.7310932918628345e-22	-2.668418111378886e-22
0.0455	-2.9553527700532315e-22	-2.3718379853626845e-22
0.0456	-3.1322001255430597e-22	-2.0548908072116708e-22
0.045700000000000005	-3.2597254164378614e-22	-1.722614201078059e-22
0.0458	-3.3368402570737252e-22	-1.3801821844020262e-22
0.0459	-3.3632860365660353e-22	-1.0328192027399501e-22
0.046	-3.339628196140057e-22	-6.857143700256024e-23
0.0461	-3.2672367837692855e-22	-3.4393735527624996e-23
0.046200000000000005	-3.148253736063281e-22	-1.2357316950528314e-24
0.0463	-2.9855475595370384e-22	3.0443377730793186e-23
0.046400000000000004	-2.7826562925955595e-22	6.021921937142855e-23
0.0465	-2.5437198222603256e-22	8.770866930828701e-23
0.0466	-2.273402802627717e-22	1.125754989776954e-22
0.046700000000000005	-1.976809572423998e-22	1.3453515315701383e-22
0.0468	-1.6593925943449798e-22	1.5335858793507108e-22
0.046900000000000004	-1.3268560371334278e-22	1.688751133078751e-22
0.047	-9.850561910174426e-23	1.809742026174691e-22
0.0471	-6.399004471800706e-23	1.8960624914818393e-22
0.0472	-2.972465818452955e-23	1.9478226849379465e-22
0.0473	3.719593463709044e-24	1.9657256349263693e-22
0.047400000000000005	3.57960933102237e-23	1.9510438628070567e-22
0.0475	6.599152529742888e-23	1.9055864902942964e-22
0.0476	9.383416747416226e-23	1.8316575092395423e-22
0.0477	1.189013720735334e-22	1.7320060362769432e-22
0.0478	1.408261120239276e-22	1.6097695062206198e-22
0.047900000000000005	1.5930249074813427e-22	1.468410871876211e-22
0.048	1.7409013101657937e-22	1.3116509721739605e-22
0.048100000000000004	1.850173788483003e-22	1.1433973037314325e-22
0.0482	1.9198327963529027e-22	9.676704819710864e-23
0.0483	1.9495830542442481e-22	7.885297060095737e-23
0.048400000000000006	1.9398383424098125e-22	6.099985463671002e-23
0.0485	1.8917040409212167e-22	4.359923561931315e-23
0.048600000000000004	1.8069478546669787e-22	2.7024856565514165e-23
0.0487	1.6879593638084635e-22	1.1626105627260133e-23
0.0488	1.5376992295729951e-22	-2.2780271437441775e-24
0.0489	1.3596390584556604e-22	-1.4404372598248903e-23
0.049	1.1576930819589409e-22	-2.4510295689619682e-23
0.049100000000000005	9.361429413391464e-23	-3.2397623311282885e-23
0.0492	6.995569752672848e-23	-3.791572564559382e-23
0.049300000000000004	4.5270549110382335e-23	-4.09637054910653e-23
0.0494	2.0047355635660677e-23	-4.149166630143836e-23
0.0495	-5.222712495755817e-24	-3.9501046316261563e-23
0.049600000000000005	-3.0054568617633474e-23	-3.5044022888847615e-23
0.0497	-5.397773848598417e-23	-2.82220076251084e-23
0.049800000000000004	-7.654452201769253e-23	-1.9183268942485714e-23
0.0499	-9.733764789649078e-23	-8.119733860070646e-24
0.05	-1.1597729135162239e-22	4.736965027168352e-24
0.050100000000000006	-1.321273381236432e-22	1.9120118600604374e-23
0.0502	-1.4550079231467223e-22	3.473315619634959e-23
0.050300000000000004	-1.5586424219793288e-22	5.125534681587134e-23
0.0504	-1.63041315825473e-22	6.834787915750425e-23
0.0505	-1.6691507709286908e-22	8.566020734101915e-23
0.0506	-1.6742933244745338e-22	1.0283654556900379e-22
0.0507	-1.6458883830404381e-22	1.1952239347767264e-22
0.050800000000000005	-1.584584190970329e-22	1.3537097458585144e-22
0.0509	-1.4916102539046068e-22	1.5004947302526497e-22
0.051000000000000004	-1.3687478023804294e-22	1.632449585607293e-22
0.0511	-1.2182907969822515e-22	1.7466989668104545e-22
0.0512	-1.042998297518175e-22	1.840671491218829e-22
0.051300000000000005	-8.460391655571413e-23	1.912143803992509e-22
0.0514	-6.309301974142785e-23	1.9592779758719283e-22
0.051500000000000004	-4.0146889114736065e-23	1.9806516344115855e-22
0.0516	-1.616621345573891e-23	1.9752803680404465e-22
0.0517	8.43478397605666e-24	1.94263208773804e-22
0.051800000000000006	3.3235885246905474e-23	1.882633180873245e-22
0.0519	5.781841406515828e-23	1.795666443063861e-22
0.052000000000000005	8.177263155369661e-23	1.68256092398439e-22
0.0521	1.04704858671886e-22	1.5445739691238896e-22
0.0522	1.2624419913289536e-22	1.3833658789156585e-22
0.0523	1.4604874557487283e-22	1.2009677369074987e-22
0.0524	1.6381116273239532e-22	9.997430773844183e-23
0.052500000000000005	1.7926355419579198e-22	7.82344167994088e-23
0.0526	1.921815337854192e-22	5.516637726251113e-23
0.052700000000000004	2.023874383229027e-22	3.1078333251534414e-23
0.0528	2.0975263534618603e-22	6.291855811687724e-24
0.0529	2.141988967679926e-22	-1.8863654024565682e-23
0.053000000000000005	2.1569882728511085e-22	-4.4056613891044673e-23
0.0531	2.142753541717741e-22	-6.895885642818528e-23
0.053200000000000004	2.100003025993443e-22	-9.325107158847318e-23
0.0533	2.0299209748973499e-22	-1.166279973778234e-22
0.0534	1.9341264881926388e-22	-1.3880326748271058e-22
0.053500000000000006	1.8146349195083037e-22	-1.595138318694912e-22
0.0536	1.6738126771883332e-22	-1.7852387557854836e-22
0.053700000000000005	1.5143263838724557e-22	-1.956281713847942e-22
0.0538	1.3390874504532502e-22	-2.1065481354899097e-22
0.0539	1.1511931933487207e-22	-2.234672923116464e-22
0.054	9.538656749616415e-23	-2.3396588183919787e-22
0.0541	7.503894749857264e-23	-2.42088327766311e-22
0.054200000000000005	5.440496045293558e-23	-2.4780983402858876e-22
0.0543	3.380707559751068e-23	-2.511423620865918e-22
0.054400000000000004	1.355590396410214e-23	-2.521332686488925e-22
0.0545	-6.0552705350000864e-24	-2.508633203626708e-22
0.0546	-2.475550226440741e-23	-2.4744413542247932e-22
0.054700000000000006	-4.230064719923225e-23	-2.4201511243737756e-22
0.0548	-5.847720028075483e-23	-2.3473991600189564e-22
0.054900000000000004	-7.310544195720631e-23	-2.2580259607159753e-22
0.055	-8.604184352317803e-23	-2.1540342431273006e-22
0.0551	-9.718069616538012e-23	-2.037545349722675e-22
0.055200000000000006	-1.06454944455213e-22	-1.910754604280446e-22
0.0553	-1.1383622108722224e-22	-1.7758865239122632e-22
0.055400000000000005	-1.1933409563064743e-22	-1.635150787432927e-22
0.0555	-1.229945656268794e-22	-1.4906998323004562e-22
0.055600000000000004	-1.2489783322578204e-22	-1.3445889077327877e-22
0.0557	-1.2515542442117094e-22	-1.1987393509689892e-22
0.0558	-1.2390672055372395e-22	-1.0549057782936602e-22
0.055900000000000005	-1.2131498285768627e-22	-9.146477939756034e-23
0.056	-1.175629602260209e-22	-7.793067205215554e-23
0.056100000000000004	-1.1284817788161098e-22	-6.499877446694335e-23
0.0562	-1.0737801013224053e-22	-5.275477575610189e-23
0.0563	-1.0136464375707796e-22	-4.125890468953182e-23
0.056400000000000006	-9.502003976723161e-23	-3.0545887600046255e-23
0.0565	-8.855100029063122e-23	-2.0625486213972588e-23
0.056600000000000004	-8.215444418322043e-23	-1.1483594643527608e-23
0.0567	-7.60129897379161e-23	-3.0838632939278833e-24
0.0568	-7.029093566447943e-23	4.63019331174362e-24
0.056900000000000006	-6.513072250051276e-23	1.1732657588949478e-23
0.057	-6.06499459747073e-23	1.83123002897838e-23
0.057100000000000005	-5.693898179841094e-23	2.4469371054184227e-23
0.0572	-5.405926815798513e-23	3.031216282346664e-23
0.057300000000000004	-5.2042278087995704e-23	3.595342915600864e-23
0.0574	-5.088919921082407e-23	4.1506736166103495e-23
0.0575	-5.0571323329734733e-23	4.7082831789704604e-23
0.057600000000000005	-5.103113336335312e-23	5.2786114349394746e-23
0.0577	-5.218406041267745e-23	5.871127996465087e-23
0.057800000000000004	-5.392086965359153e-23	6.494022428482024e-23
0.0579	-5.611062053224858e-23	7.153926839669483e-23
0.058	-5.860413467375192e-23	7.855677169247202e-23
0.058100000000000006	-6.123789423895775e-23	8.6021186122322e-23
0.0582	-6.383828439489272e-23	9.393959676953342e-23
0.058300000000000005	-6.622608628375318e-23	1.0229678326844346e-22
0.0584	-6.822112153061621e-23	1.110548254479107e-22
0.0585	-6.964694602893605e-23	1.2015326495200343e-22
0.058600000000000006	-7.033548955299054e-23	1.2950982270091045e-22
0.0587	-7.013153869279141e-23	1.3902166015008667e-22
0.058800000000000005	-6.889696367212226e-23	1.4856716062605265e-22
0.0589	-6.651459473450848e-23	1.5800819580039132e-22
0.059000000000000004	-6.289166086398715e-23	1.6719283183792722e-22
0.0591	-5.796271250744969e-23	1.7595842013539465e-22
0.0592	-5.169196050628953e-23	1.8413500905050043e-22
0.059300000000000005	-4.4074975417506695e-23	1.915490057832871e-22
0.0594	-3.5139704569668986e-23	1.9802701176243147e-22
0.059500000000000004	-2.494677829435486e-23	2.0339975063051836e-22
0.0596	-1.3589091517009327e-23	2.0750600530571913e-22
0.0597	-1.1906619869716407e-24	2.1019647968162385e-22
0.059800000000000006	1.2095218428323083e-23	2.1133750133720847e-22
0.0599	2.6088508070649654e-23	2.1081448415607878e-22
0.060000000000000005	4.058556979252159e-23	2.0853507395469706e-22
0.0601	5.536289610018614e-23	2.0443190601671259e-22
0.060200000000000004	7.018133364182661e-23	1.9846491071592509e-22
0.0603	8.479072455686632e-23	1.90623112045279e-22
0.0604	9.893487281711632e-23	1.8092587368766504e-22
0.060500000000000005	1.1235673610427935e-22	1.6942355807621627e-22
0.0606	1.2480373814246764e-22	1.5619757548678774e-22
0.060700000000000004	1.360330928620185e-22	1.4135981235661195e-22
0.0608	1.4581703039485983e-22	1.250514404919069e-22
0.0609	1.5394781573199817e-22	1.0744112136737348e-22
0.061000000000000006	1.6024245390741904e-22	8.872263208333693e-23
0.0611	1.6454698076325571e-22	6.911195148538668e-23
0.061200000000000004	1.6674024560932281e-22	4.884385622735593e-23
0.0613	1.6673710128577046e-22	2.816808694413116e-23
0.0614	1.6449092810181112e-22	7.345153984381942e-24
0.061500000000000006	1.5999543065159011e-22	-1.335813985521351e-23
0.0616	1.5328566036420585e-22	-3.367337562049083e-23
0.061700000000000005	1.4443823156508086e-22	-5.333530460685456e-23
0.0618	1.335707145246146e-22	-7.20866527466899e-23
0.061900000000000004	1.2084020514479086e-22	-8.96828493953089e-23
0.062	1.0644108727154738e-22	-1.0589658731191366e-22
0.0621	9.060201980165466e-23	-1.2052212284084936e-22
0.062200000000000005	7.358219646029714e-23	-1.3337922930844545e-22
0.0623	5.566694104896695e-23	-1.4431672239827879e-22
0.062400000000000004	3.716271480626805e-23	-1.5321548365406605e-22
0.0625	1.839162500843929e-23	-1.5999091715469084e-22
0.0626	-3.1446519112180483e-25	-1.6459478464940095e-22
0.0627	-1.862011664738052e-23	-1.6701637584572728e-22
0.06280000000000001	-3.6192667787231485e-23	-1.672829828973023e-22
0.0629	-5.2708640970951275e-23	-1.6545966121293183e-22
0.063	-6.786007822733321e-23	-1.6164827225619272e-22
0.0631	-8.136068275165722e-23	-1.5598581777002749e-22
0.0632	-9.295164474986819e-23	-1.4864208858087105e-22
0.06330000000000001	-1.0240703476528732e-22	-1.3981666454865545e-22
0.0634	-1.095386544690903e-22	-1.297353150734238e-22
0.0635	-1.1420024392107995e-22	-1.1864586159628294e-22
0.0636	-1.1629095535949194e-22	-1.0681357450598013e-22
0.0637	-1.157580164646206e-22	-9.451618656463301e-23
0.06380000000000001	-1.1259852053146548e-22	-8.203861320219756e-23
0.0639	-1.068602968201813e-22	-6.966747663048249e-23
0.064	-9.864183124126026e-23	-5.768553555494029e-23
0.0641	-8.809122516458691e-23	-4.636612521015705e-23
0.06420000000000001	-7.540419819101207e-23	-3.596771344098852e-23
0.06430000000000001	-6.08211588551006e-23	-2.672867756081504e-23
0.0644	-4.462338509732282e-23	-1.8862403742964453e-23
0.0645	-2.712837361505942e-23	-1.2552805780378277e-23
0.0646	-8.684433544781805e-24	-7.950353257908883e-24
0.06470000000000001	1.0335384971700949e-23	-5.168690632709423e-24
0.0648	2.95399232191606e-23	-4.281918556314061e-24
0.0649	4.8526991459137254e-23	-5.322597173246363e-24
0.065	6.689076599386906e-23	-8.280518299880258e-24
0.0651	8.4229372651235e-23	-1.3102279552289682e-23
0.06520000000000001	1.0015251850475098e-22	-1.9691678902011844e-23
0.0653	1.1428903105973355e-22	-2.791093305862437e-23
0.0654	1.2629416413354358e-22	-3.7582707783379374e-23
0.0655	1.3585653225680545e-22	-4.8492933010357254e-23
0.0656	1.4270454059799188e-22	-6.039436077292085e-23
0.06570000000000001	1.4661218509227662e-22	-7.301080968120175e-23
0.0658	1.4740410751740216e-22	-8.60420263392193e-23
0.0659	1.4495980253955594e-22	-9.916908188127863e-23
0.066	1.392168880445153e-22	-1.1206021098056275e-22
0.0661	1.3017336612867676e-22	-1.2437699144882077e-22
0.06620000000000001	1.178888196720367e-22	-1.3578075508702245e-22
0.0663	1.0248450814279092e-22	-1.4593911491425878e-22
0.0664	8.414234585907149e-23	-1.545324904131086e-22
0.0665	6.310276600811308e-23	-1.612605110646802e-22
0.0666	3.966149393585176e-23	-1.6584817924805155e-22
0.06670000000000001	1.4165273204766438e-23	-1.680516765501424e-22
0.0668	-1.2993392689587567e-23	-1.6766370263698606e-22
0.0669	-4.1382401608073187e-23	-1.6451824300081026e-22
0.067	-7.053701857255432e-23	-1.5849467100639476e-22
0.0671	-9.996753204805692e-23	-1.4952110056587479e-22
0.06720000000000001	-1.291674730202574e-22	-1.3757691829123192e-22
0.0673	-1.5762225770435926e-22	-1.2269443789540235e-22
0.0674	-1.8481810562573033e-22	-1.0495963469687282e-22
0.0675	-2.1025107828487502e-22	-8.451193406714852e-23
0.06760000000000001	-2.3343607979682673e-22	-6.154304426558181e-23
0.06770000000000001	-2.5391565986652073e-22	-3.629484103936222e-23
0.0678	-2.7126846126729082e-22	-9.056328327556037e-24
0.0679	-2.8511715861873753e-22	1.9840283906168042e-23
0.068	-2.951357426511826e-22	5.0024327576216126e-23
0.06810000000000001	-3.010560141864817e-22	8.109217773270546e-23
0.0682	-3.026731645997403e-22	1.126134206926326e-22
0.0683	-2.9985033434970694e-22	1.4413758986572662e-22
0.0684	-2.9252205803102536e-22	1.7520135903710196e-22
0.0685	-2.8069652302542596e-22	2.0533607365713154e-22
0.06860000000000001	-2.644565888944924e-22	2.340754935003464e-22
0.0687	-2.439595358200116e-22	2.6096361503175196e-22
0.0688	-2.194355322933002e-22	2.85562439065055e-22
0.0689	-1.9118483450200107e-22	3.074595488773894e-22
0.069	-1.595737520725406e-22	3.262753658833394e-22
0.06910000000000001	-1.2502943660832733e-22	3.416699542498049e-22
0.0692	-8.803357043258107e-23	3.533492523937415e-22
0.0693	-4.911505272764608e-23	3.6107061804760463e-22
0.0694	-8.841798505266746e-24	3.6464758436443766e-22
0.0695	3.218821778453933e-23	3.639537371909695e-22
0.06960000000000001	7.335652799231424e-23	3.5892563795425706e-22
0.0697	1.1403418756564008e-22	3.4956473234670256e-22
0.0698	1.5359207748660529e-22	3.3593820189054547e-22
0.0699	1.914113176322151e-22	3.1817873322984023e-22
0.07	2.268936149914295e-22	2.9648319833203493e-22
0.07010000000000001	2.5947136985262707e-22	2.711102573679725e-22
0.0702	2.8861736580838674e-22	2.423769145577495e-22
0.0703	3.138538751814121e-22	2.1065407539900836e-22
0.0704	3.3476102017409564e-22	1.7636117111812506e-22
0.07050000000000001	3.5098424155173504e-22	1.3995993259788446e-22
0.07060000000000001	3.622407408028749e-22	1.0194741114834268e-22
0.0707	3.683247782508355e-22	6.284835703235457e-23
0.0708	3.6911172824637303e-22	2.320707839159866e-23
0.0709	3.645608130432024e-22	-1.6421087069625298e-23
0.07100000000000001	3.5471645890310473e-22	-5.547854777528294e-23
0.0711	3.3970824102623577e-22	-9.341433630705848e-23
0.0712	3.1974940766477654e-22	-1.2969294201167083e-22
0.0713	2.951339978500569e-22	-1.638029502036105e-22
0.0714	2.66232591133357e-22	-1.9526534227936836e-22
0.07150000000000001	2.334867511974198e-22	-2.236413158514671e-22
0.0716	1.974022477348322e-22	-2.4853949122738367e-22
0.0717	1.5854116222080231e-22	-2.6962238008836206e-22
0.0718	1.175130027617315e-22	-2.8661200391507356e-22
0.0719	7.496497073501126e-23	-2.9929456337201284e-22
0.07200000000000001	3.1571537141147023e-23	-3.075240752765549e-22
0.0721	-1.1976500804704634e-23	-3.1122491068792947e-22
0.0722	-5.498330253492229e-23	-3.1039318577450573e-22
0.0723	-9.675941936449776e-23	-3.050969761522032e-22
0.0724	-1.3663319137989894e-22	-2.9547534501304394e-22
0.07250000000000001	-1.7396191483510427e-22	-2.81736195249842e-22
0.0726	-2.081425917137056e-22	-2.6415297559449236e-22
0.0727	-2.386220791211475e-22	-2.4306029018661317e-22
0.0728	-2.6490646528767646e-22	-2.1884847964579384e-22
0.0729	-2.8656951104955487e-22	-1.9195725931517241e-22
0.07300000000000001	-3.032600105411629e-22	-1.6286851657410333e-22
0.0731	-3.1470794223377913e-22	-1.32098383702977e-22
0.0732	-3.207293011139409e-22	-1.0018871547074409e-22
0.0733	-3.212295243822961e-22	-6.769811118310725e-23
0.0734	-3.162054462155606e-22	-3.5192629189889735e-23
0.07350000000000001	-3.057457414846011e-22	-3.236347655820403e-24
0.0736	-2.900298434546217e-22	2.76180713580913e-23
0.0737	-2.6932534598773155e-22	5.683865683906533e-23
0.0738	-2.439839261956968e-22	8.392308715975907e-23
0.07390000000000001	-2.1443584842243464e-22	1.0840718082798962e-22
0.07400000000000001	-1.8118313445040836e-22	1.2987277587485858e-22
0.0741	-1.447915075149384e-22	1.4795486375455336e-22
0.0742	-1.0588123868899787e-22	1.6234785556409507e-22
0.0743	-6.511704310974521e-23	1.7281087242092538e-22
0.07440000000000001	-2.3197190031766208e-23	1.7917196773217206e-22
0.0745	1.915799547485758e-23	1.813312065908843e-22
0.0746	6.121805045249432e-23	1.7926254635314897e-22
0.0747	1.0225451508426224e-22	1.7301448227432535e-22
0.0748	1.4155309575716155e-22	1.6270944258357552e-22
0.07490000000000001	1.7842564789716145e-22	1.4854193821186096e-22
0.075	2.122217784901101e-22	1.3077549321173812e-22
0.0751	2.4233987372771767e-22	1.0973840236874132e-22
0.0752	2.6823736600979004e-22	8.581838226036702e-23
0.0753	2.8944006645601087e-22	5.945620073693915e-23
0.07540000000000001	3.055504039432843e-22	3.1138387162757454e-23
0.0755	3.162544292488426e-22	1.3891414715337166e-24
0.0756	3.2132746285986385e-22	-2.9238426110136065e-23
0.0757	3.206382870813103e-22	-6.01715811698869e-23
0.0758	3.141518068730413e-22	-9.082762425123965e-23
0.07590000000000001	3.0193012898329624e-22	-1.2062376345339468e-22
0.076	2.841320350036357e-22	-1.4898703676779954e-22
0.0761	2.610108505187326e-22	-1.7536411899655254e-22
0.0762	2.329107391228761e-22	-1.9923084940711268e-22
0.0763	2.002614762807867e-22	-2.2010132031647986e-22
0.07640000000000001	1.6357178338685802e-22	-2.3753637350568585e-22
0.0765	1.2342132650000543e-22	-2.511513606381948e-22
0.0766	8.045150669648798e-23	-2.606230355464131e-22
0.0767	3.535518941327255e-23	-2.6569546017088046e-22
0.07680000000000001	-1.113446179511757e-23	-2.661848218617504e-22
0.07690000000000001	-5.825586629822948e-23	-2.6198307742255887e-22
0.077	-1.0523142902393733e-22	-2.5306035840330676e-22
0.0771	-1.5128026222180438e-22	-2.394660924199468e-22
0.0772	-1.9563101795630209e-22	-2.213288163572905e-22
0.07730000000000001	-2.375346204232338e-22	-1.988546788546108e-22
0.07740000000000001	-2.762766881529211e-22	-1.7232465112231197e-22
0.0775	-3.1118944060482667e-22	-1.4209048653542061e-22
0.0776	-3.416628915042253e-22	-1.0856949024062548e-22
0.0777	-3.6715514240060354e-22	-7.223817985293204e-23
0.07780000000000001	-3.872016041638901e-22	-3.3624936874718093e-23
0.0779	-4.0142299124925003e-22	6.69823456501883e-24
0.078	-4.095319532785373e-22	4.812470996460374e-23
0.0781	-4.1133823048642774e-22	9.0022863050931e-23
0.0782	-4.067522435037397e-22	1.317461454714545e-22
0.07830000000000001	-3.957870534087326e-22	1.7264346423792888e-22
0.0784	-3.78558654552945e-22	2.120696881686439e-22
0.0785	-3.552845899252e-22	2.493961119241084e-22
0.0786	-3.2628090630838184e-22	2.8402070639152937e-22
0.0787	-2.9195749375563773e-22	3.1537798714995217e-22
0.07880000000000001	-2.5281188051650387e-22	3.4294833849651925e-22
0.0789	-2.0942158003983427e-22	3.6626663894663266e-22
0.079	-1.6243511064724957e-22	3.849300451034381e-22
0.0791	-1.1256183051139507e-22	3.986048041491901e-22
0.0792	-6.056075032113578e-23	4.0703198072789876e-22
0.07930000000000001	-7.228503142312352e-24	4.1003200141425945e-22
0.0794	4.661333479870269e-23	4.0750793901550025e-22
0.0795	1.0013136760896641e-22	3.994474793204916e-22
0.0796	1.5249373496239219e-22	3.8592353426237164e-22
0.07970000000000001	2.0288348226298666e-22	3.6709348744812087e-22
0.07980000000000001	2.5051172819873134e-22	3.431970802715405e-22
0.0799	2.9463041497852197e-22	3.145529690001022e-22
0.08	3.3454443289572e-22	2.8155400494734496e-22
0.0801	3.696229206340865e-22	2.4466131075442504e-22
0.08020000000000001	3.99309555771138e-22	2.043972455624355e-22
0.08030000000000001	4.2313166603048e-22	1.613373701363699e-22
0.0804	4.407080107300549e-22	1.1610153950003696e-22
0.0805	4.51755103261962e-22	6.934426508598378e-23
0.0806	4.560919689746337e-22	2.1744500556284463e-23
0.08070000000000001	4.536432581276477e-22	-2.6004984893458514e-23
0.08080000000000001	4.444406602415241e-22	-7.320847493483771e-23
0.0809	4.286225937351693e-22	-1.191782411753646e-22
0.081	4.064321727822996e-22	-1.6324536848139086e-22
0.0811	3.7821348136725943e-22	-2.0477029563857496e-22
0.08120000000000001	3.4440621212110143e-22	-2.4315290078381445e-22
0.0813	3.0553875421930873e-22	-2.7784196817844114e-22
0.0814	2.622198399848239e-22	-3.083438827015162e-22
0.0815	2.1512888344856975e-22	-3.3423041076625694e-22
0.0816	1.6500516558614716e-22	-3.55145441004176e-22
0.08170000000000001	1.1263603992092568e-22	-3.7081057478374023e-22
0.0818	5.884434834735121e-23	-3.810294751626674e-22
0.0819	4.4752501173163724e-24	-3.8569090291457813e-22
0.082	-4.9617323270543236e-23	-3.8477038949644733e-22
0.0821	-1.0258436819722111e-22	-3.7833051888763475e-22
0.08220000000000001	-1.5359544220411518e-22	-3.6651981277528416e-22
0.0823	-2.0185200939895823e-22	-3.495702362171834e-22
0.0824	-2.466002813905347e-22	-3.277933633123287e-22
0.0825	-2.8714334512067393e-22	-3.015752641860083e-22
0.0826	-3.228523803330506e-22	-2.7137019539437192e-22
0.08270000000000001	-3.5317678401195594e-22	-2.376931953334716e-22
0.0828	-3.7765303670604004e-22	-2.0111170408094807e-22
0.0829	-3.9591216593781204e-22	-1.6223634301254494e-22
0.083	-4.076856845606352e-22	-1.2171100325992114e-22
0.08310000000000001	-4.128099065938345e-22	-8.020240338521813e-23
0.08320000000000001	-4.1122856934274666e-22	-3.8389285355699915e-23
0.0833	-4.029937180670144e-22	3.0485761354075937e-24
0.0834	-3.882648376506369e-22	4.3441372836623767e-23
0.0835	-3.673062441924767e-22	8.214009220683716e-23
0.08360000000000001	-3.404827777123162e-22	1.185270010769613e-22
0.08370000000000001	-3.082538647946629e-22	1.5202561353618416e-22
0.0838	-2.7116604651960895e-22	1.8210998118589304e-22
0.0839	-2.2984409202437933e-22	2.0831315485340243e-22
0.084	-1.8498084109317189e-22	2.3023468026741903e-22
0.08410000000000001	-1.3732593990904884e-22	2.4754700585117655e-22
0.08420000000000001	-8.767365218187353e-23	2.6000069843281467e-22
0.0843	-3.6849942994222116e-23	2.674283820200967e-22
0.0844	1.4300955365181183e-23	2.6974733552355378e-22
0.0845	6.493027777912723e-23	2.6696070710149935e-22
0.08460000000000001	1.1419853809422023e-22	2.59157325287894e-22
0.0847	1.612891941559358e-22	2.465101098838733e-22
0.0848	2.0542194418312375e-22	2.2927310837444954e-22
0.0849	2.4586543845542385e-22	2.077772060026881e-22
0.085	2.8194919967903007e-22	1.824245792300078e-22
0.08510000000000001	3.1307455815097977e-22	1.5368198278142077e-22
0.0852	3.3872442375422247e-22	1.2207297948492393e-22
0.0853	3.584717356274607e-22	8.816923935466575e-23
0.0854	3.7198645175989113e-22	5.2581049556981184e-23
0.0855	3.790409644145734e-22	1.5947189788804515e-23
0.08560000000000001	3.7951385280105544e-22	-2.107566202111859e-23
0.0857	3.733919113837741e-22	-5.782382107629747e-23
0.0858	3.6077042018935943e-22	-9.363760663365234e-23
0.0859	3.4185165200885775e-22	-1.2787229296343761e-22
0.08600000000000001	3.1694164001580423e-22	-1.599088217390492e-22
0.08610000000000001	2.864452575729959e-22	-1.8916410106242374e-22
0.0862	2.508596894198528e-22	-2.1510072298996294e-22
0.0863	2.1076639957248355e-22	-2.372359408195335e-22
0.0864	1.668217257049654e-22	-2.551497593790145e-22
0.08650000000000001	1.1974625211453615e-22	-2.684920059272383e-22
0.08660000000000001	7.031313324262515e-23	-2.769882658051547e-22
0.0867	1.93355568040213e-23	-2.8044458539068515e-22
0.0868	-3.2346450410244596e-23	-2.787508649158134e-22
0.0869	-8.387966027246461e-23	-2.7188288497376455e-22
0.08700000000000001	-1.344115035681251e-22	-2.599029327321293e-22
0.08710000000000001	-1.8310392806377588e-22	-2.429590166137718e-22
0.0872	-2.291470296885182e-22	-2.212826811414672e-22
0.0873	-2.7177223576101482e-22	-1.95185456391679e-22
0.0874	-3.1026482642010623e-22	-1.6505399869771483e-22
0.08750000000000001	-3.4397559111594173e-22	-1.3134400052163294e-22
0.0876	-3.7233143101565974e-22	-9.457296743211874e-23
0.0877	-3.948447352468189e-22	-5.531197855589838e-23
0.0878	-4.1112137876445276e-22	-1.4176563414154163e-23
0.0879	-4.2086721196202543e-22	2.818315755705849e-23
0.08800000000000001	-4.238929365887772e-22	7.10929095050693e-23
0.0881	-4.2011728868961144e-22	1.138651079674867e-22
0.0882	-4.0956847672290943e-22	1.5580993660229668e-22
0.0883	-3.9238385129108494e-22	1.9624647862710273e-22
0.0884	-3.6880781157831563e-22	2.345137218334488e-22
0.08850000000000001	-3.391879821642626e-22	2.699812590451719e-22
0.0886	-3.0396972190723164e-22	3.020595107839442e-22
0.0887	-2.636890536098463e-22	3.3020930461013827e-22
0.0888	-2.1896412875634356e-22	3.5395065599746957e-22
0.0889	-1.704853653271077e-22	3.728706085070703e-22
0.08900000000000001	-1.1900441816869779e-22	3.8663000623979728e-22
0.0891	-6.532216027768198e-23	3.9496908881779184e-22
0.0892	-1.0275869337660095e-23	3.977118181964848e-22
0.0893	4.527417332733509e-23	3.9476886712636634e-22
0.08940000000000001	1.0045845476181709e-22	3.8613922073651364e-22
0.08950000000000001	1.5441215078801085e-22	3.7191036514685825e-22
0.0896	2.0628896992619378e-22	3.522570598689756e-22
0.0897	2.552746972595333e-22	3.274387136542945e-22
0.0898	3.0060021962651584e-22	2.9779540602216667e-22
0.08990000000000001	3.415538220191888e-22	2.6374261858132814e-22
0.09000000000000001	3.7749255696573143e-22	2.2576476109218196e-22
0.0901	4.078525037876748e-22	1.844075966653926e-22
0.0902	4.321577526973224e-22	1.402696882394568e-22
0.0903	4.500279694446491e-22	9.399300423877456e-23
0.09040000000000001	4.611844192970852e-22	4.625283482846431e-23
0.09050000000000001	4.654543541630923e-22	-2.25281876492055e-24
0.0906	4.627736932438309e-22	-5.0814210985275624e-23
0.0907	4.531879552835143e-22	-9.872099821359861e-23
0.0908	4.368514288371222e-22	-1.452733852807848e-22
0.09090000000000001	4.1402459552292924e-22	-1.8979309307641643e-22
0.091	3.850698495121087e-22	-2.3163397114682417e-22
0.0911	3.504455840686489e-22	-2.701920850729937e-22
0.0912	3.1069874234236035e-22	-3.0491511707161958e-22
0.0913	2.6645595440680945e-22	-3.353109295291192e-22
0.09140000000000001	2.1841340532101185e-22	-3.6095515487252424e-22
0.0915	1.6732559940900753e-22	-3.814976910789463e-22
0.0916	1.139932036644665e-22	-3.9666799996639557e-22
0.0917	5.925016791259067e-23	-4.06279124900939e-22
0.0918	3.950330860610056e-24	-4.102303653804746e-22
0.09190000000000001	-5.104627074210681e-23	-4.085085677732078e-22
0.092	-1.048871680632972e-22	-4.0118801394381516e-22
0.0921	-1.5674107855448046e-22	-3.884289122257027e-22
0.0922	-2.058111566945537e-22	-3.704745178238231e-22
0.09230000000000001	-2.513476633362191e-22	-3.476469318906507e-22
0.09240000000000001	-2.9265984960655227e-22	-3.2034164984795677e-22
0.0925	-3.2912686434681413e-22	-2.8902094968221803e-22
0.0926	-3.6020751020204723e-22	-2.5420622959472882e-22
0.0927	-3.8544869242231763e-22	-2.164694212367525e-22
0.09280000000000001	-4.0449242590335394e-22	-1.7642361953212245e-22
0.09290000000000001	-4.1708128962117337e-22	-1.3471308254679662e-22
0.093	-4.23062243016084e-22	-9.200276480624058e-23
0.0931	-4.2238874563973033e-22	-4.8967554727842775e-23
0.0932	-4.151211490563562e-22	-6.2813913121427835e-24
0.09330000000000001	-4.014253581337347e-22	3.5393563146985414e-23
0.09340000000000001	-3.8156978701019695e-22	7.541751883850594e-23
0.0935	-3.5592066272241315e-22	1.1318325132636337e-22
0.0936	-3.249357562723605e-22	1.48125727097935e-22
0.0937	-2.8915664636485085e-22	1.7973100689068164e-22
0.09380000000000001	-2.4919964474475694e-22	2.0754428401080173e-22
0.09390000000000001	-2.0574553362143753e-22	2.311769292585535e-22
0.094	-1.5952828473652363e-22	2.5031243054692114e-22
0.0941	-1.1132294590240612e-22	2.647111335705339e-22
0.0942	-6.193289405038146e-23	2.742137096490744e-22
0.09430000000000001	-1.2176663766921062e-23	2.787432978085454e-22
0.0944	3.712543319309323e-23	2.7830628992995445e-22
0.0945	8.516467894820354e-23	2.729917500310499e-22
0.0946	1.3115709321500252e-22	2.6296948108791493e-22
0.0947	1.743561359988074e-22	2.4848677488339955e-22
0.09480000000000001	2.1406476317501713e-22	2.298639018274056e-22
0.0949	2.4964663988359683e-22	2.0748841817929482e-22
0.095	2.8053633082720777e-22	1.8180838728092904e-22
0.0951	3.0624830366481116e-22	1.5332462896803238e-22
0.0952	3.2638460144285926e-22	1.2258212698199287e-22
0.09530000000000001	3.4064106207643496e-22	9.016073770067273e-23
0.0954	3.488119869179532e-22	5.666535462729867e-23
0.0955	3.5079318603379065e-22	2.2715691642343088e-23
0.0956	3.4658335452700265e-22	-1.1064146101282324e-23
0.09570000000000001	3.36283761657009e-22	-4.40561316669452e-23
0.09580000000000001	3.200962621634233e-22	-7.565865396969252e-23
0.0959	2.9831966664670004e-22	-1.0529655388508471e-22
0.096	2.713445346426067e-22	-1.324306945024014e-22
0.0961	2.396464797119158e-22	-1.565669092254893e-22
0.09620000000000001	2.0377810003099077e-22	-1.772641820077367e-22
0.09630000000000001	1.643596702191948e-22	-1.9414192696273073e-22
0.0964	1.2206875011255388e-22	-2.0688624970215236e-22
0.0965	7.762888356606649e-23	-2.1525508976412154e-22
0.0966	3.179757485896846e-23	-2.1908216212508477e-22
0.09670000000000001	-1.464625834541415e-23	-2.182796357267496e-22
0.09680000000000001	-6.091514845100238e-23	-2.1283950786523493e-22
0.0969	-1.062260460962801e-22	-2.0283365483632794e-22
0.097	-1.4981318017289787e-22	-1.884125610520527e-22
0.0971	-1.9094059916424924e-22	-1.698027505794657e-22
0.09720000000000001	-2.289141890638391e-22	-1.4730296634444412e-22
0.09730000000000001	-2.630929722786075e-22	-1.2127916274107014e-22
0.0974	-2.928995042642189e-22	-9.215839675451161e-23
0.0975	-3.1782919996698634e-22	-6.042172062479473e-23
0.0976	-3.3745844020073016e-22	-2.6596195258092436e-23
0.09770000000000001	-3.514513285627076e-22	8.753842232509468e-24
0.0978	-3.595649920467493e-22	4.50361115328646e-23
0.0979	-3.6165334276664976e-22	8.164016783997507e-23
0.098	-3.5766924375403304e-22	1.1794746450149367e-22
0.0981	-3.4766504821678447e-22	1.5334153355087111e-22
0.09820000000000001	-3.3179150849768916e-22	1.87218116604143e-22
0.0983	-3.1029507781308825e-22	2.189950798503705e-22
0.0984	-2.835136542339244e-22	2.4812195087497646e-22
0.0985	-2.518708418612149e-22	2.740889217300191e-22
0.09860000000000001	-2.158688283247509e-22	2.964351718912697e-22
0.09870000000000001	-1.7608000020084105e-22	3.1475637635913547e-22
0.0988	-1.3313743833448824e-22	3.287112779705311e-22
0.0989	-8.772445303108645e-23	3.3802721875729905e-22
0.099	-4.0563334360856804e-23	3.4250454264699497e-22
0.09910000000000001	7.596494849912495e-24	3.420198006596742e-22
0.09920000000000001	5.599072657953053e-23	3.365277096930687e-22
0.0993	1.0385261306212428e-22	3.26061836674455e-22
0.0994	1.504254049441563e-22	3.107340009448541e-22
0.0995	1.9497457784370477e-22	2.9073240887880343e-22
0.09960000000000001	2.3679964727660407e-22	2.6631855557921816e-22
0.09970000000000001	2.7524537948067313e-22	2.3782294867664905e-22
0.0998	3.097122164021968e-22	2.0563972847170228e-22
0.0999	3.3966574681878787e-22	1.7022027657164725e-22
0.1	3.646450720209609e-22	1.3206592149412232e-22
0.10010000000000001	3.842699333799652e-22	9.171986417436982e-23
0.10020000000000001	3.9824649016661045e-22	4.975845868428192e-23
0.1003	4.063716587987115e-22	6.78199355071221e-24
0.1004	4.0853594889531e-22	-3.659487331180785e-23
0.1005	4.0472475669619416e-22	-7.975286798242e-23
0.10060000000000001	3.950181021409169e-22	-1.2207788174835114e-22
0.10070000000000001	3.79588821760586e-22	-1.6297061993850342e-22
0.1008	3.5869925508526296e-22	-2.0185596109390851e-22
0.1009	3.326964870836027e-22	-2.381918747281302e-22
0.101	3.020062328166559e-22	-2.714777539690435e-22
0.10110000000000001	2.671254726123926e-22	-3.0126202977027003e-22
0.1012	2.286139662865701e-22	-3.27148945952819e-22
0.1013	1.8708479291738042e-22	-3.488043888660376e-22
0.1014	1.4319407813289393e-22	-3.6596068169070844e-22
0.1015	9.763008354167759e-23	-3.784202710669754e-22
0.10160000000000001	5.11018426276592e-23	-3.860582525128677e-22
0.1017	4.327533987685232e-24	-3.8882370068639404e-22
0.1018	-4.197721388130004e-23	-3.8673979060192274e-22
0.1019	-8.711089198274546e-23	-3.7990271610112555e-22
0.10200000000000001	-1.3039736334957858e-22	-3.684794318595404e-22
0.10210000000000001	-1.711966140378529e-22	-3.527042646460792e-22
0.1022	-2.089148273855523e-22	-3.328744581195862e-22
0.1023	-2.4301361869867164e-22	-3.0934473283439815e-22
0.1024	-2.730182825626805e-22	-2.8252095904777796e-22
0.10250000000000001	-2.9852492242249277e-22	-2.528530541137784e-22
0.10260000000000001	-3.1920635162147766e-22	-2.208272284787748e-22
0.1027	-3.348166763995162e-22	-1.8695771436604033e-22
0.1028	-3.451944940524323e-22	-1.5177811899006221e-22
0.1029	-3.502646631589328e-22	-1.158325494556226e-22
0.10300000000000001	-3.5003862707930624e-22	-7.96666592940462e-23
0.10310000000000001	-3.4461329640735636e-22	-4.3818766834518625e-23
0.1032	-3.3416852029660336e-22	-8.811193310701907e-24
0.1033	-3.1896320017254384e-22	2.485803618633722e-23
0.1034	-2.993301218866487e-22	5.672299298308535e-23
0.10350000000000001	-2.756696034860019e-22	8.635701984853293e-23
0.10360000000000001	-2.484420751125285e-22	1.1337916582723346e-22
0.1037	-2.1815972478694633e-22	1.3745977935559694e-22
0.1038	-1.853773586911638e-22	1.5832517319522647e-22
0.1039	-1.506826367984307e-22	1.7576129115017827e-22
0.10400000000000001	-1.1468585411671015e-22	1.896163240550087e-22
0.1041	-7.800944426311835e-23	1.9980224081983351e-22
0.1042	-4.127738547990691e-23	2.0629521908044422e-22
0.1043	-5.104689495967119e-24	2.0913497890013853e-22
0.1044	2.9912849157282504e-23	2.084230416807464e-22
0.10450000000000001	6.320847158331968e-23	2.0431995464199011e-22
0.1046	9.425367764064333e-23	1.970415386109882e-22
0.1047	1.2256670213481408e-22	1.8685423313235683e-22
0.1048	1.4772010645521464e-22	1.7406962779019485e-22
0.10490000000000001	1.6934736428215947e-22	1.5903828187744483e-22
0.10500000000000001	1.8714833821620707e-22	1.4214294593694306e-22
0.1051	2.0089356405601902e-22	1.2379130804576277e-22
0.1052	2.104272806186217e-22	1.044083948712284e-22
0.1053	2.15669165083049e-22	8.442876238248497e-23
0.10540000000000001	2.166147564561987e-22	6.428861358559955e-23
0.10550000000000001	2.1333457251242186e-22	4.441798073515845e-23
0.1056	2.0597194805037987e-22	2.523310717398614e-23
0.1057	1.947396441522022e-22	7.129159321041025e-24
0.1058	1.7991529894540268e-22	-9.52660753920308e-24
0.10590000000000001	1.6183580980120408e-22	-2.4401114980166224e-23
0.10600000000000001	1.4089075462402218e-22	-3.720105488170804e-23
0.1061	1.1751497559790876e-22	-4.7677719441680896e-23
0.1062	9.218046219551384e-23	-5.56309907090082e-23
0.1063	6.53876812034218e-23	-6.091242795542299e-23
0.10640000000000001	3.765650980035243e-23	-6.342740752161045e-23
0.10650000000000001	9.516933213682891e-24	-6.313628675971019e-23
0.1066	-1.8500328901098838e-23	-6.005458104439573e-23
0.1067	-4.587310349079438e-23	-5.425216023166039e-23
0.1068	-7.20967918261796e-23	-4.5851488100967186e-23
0.10690000000000001	-9.669298914043223e-23	-3.5024944921659076e-23
0.10700000000000001	-1.1921755002454223e-22	-2.1991289049447056e-23
0.1071	-1.392679645342442e-22	-7.011328110604998e-24
0.1072	-1.5648992336251028e-22	9.61711638123787e-24
0.1073	-1.705829658618945e-22	2.756485543334196e-23
0.10740000000000001	-1.813051218747344e-22	4.647748455360429e-23
0.1075	-1.884764769277885e-22	6.598192788591974e-23
0.1076	-1.9198161003112865e-22	8.56932551993936e-23
0.1077	-1.9177087373047021e-22	1.0522164870966499e-22
0.1078	-1.8786050682877474e-22	1.2417939520678928e-22
0.10790000000000001	-1.8033159094395726e-22	1.4218777968678696e-22
0.108	-1.6932788243465344e-22	1.5888375960362345e-22
0.1081	-1.5505257084408812e-22	1.7392630390643778e-22
0.1082	-1.3776403353806093e-22	1.8700228809629622e-22
0.10830000000000001	-1.1777067332326998e-22	1.9783184548625654e-22
0.10840000000000001	-9.542494123105055e-23	2.0617308550230253e-22
0.1085	-7.111666007596027e-23	2.118261020166785e-22
0.1086	-4.5265775622567054e-23	2.146362081289346e-22
0.1087	-1.83146710334377e-23	2.1449634825157086e-22
0.10880000000000001	9.27981341434192e-24	2.1134865354859262e-22
0.10890000000000001	3.705450966003637e-23	2.0518512243582863e-22
0.109	6.454805352086755e-23	1.9604742369501123e-22
0.1091	9.130887359477819e-23	1.8402583549085708e-22
0.1092	1.169028965505091e-22	1.692573489275262e-22
0.10930000000000001	1.4092083469667935e-22	1.5192297946227732e-22
0.10940000000000001	1.6298493083222708e-22	1.3224434324886701e-22
0.1095	1.8275504667137273e-22	1.1047956806816916e-22
0.1096	1.9993399438130153e-22	8.691861969944887e-23
0.1097	2.142720257119563e-22	6.187813419983281e-23
0.10980000000000001	2.255704095460068e-22	3.569585442939658e-23
0.10990000000000001	2.3368404614125575e-22	8.724775155917955e-24
0.11	2.385230845473658e-22	-1.8672894897170777e-23
0.1101	2.4005352831212314e-22	-4.6131843690706367e-23
0.1102	2.3829683330230763e-22	-7.328972886694538e-23
0.11030000000000001	2.333285199042571e-22	-9.979310483581053e-23
0.11040000000000001	2.2527583970100647e-22	-1.253030997141211e-22
0.1105	2.1431455362115886e-22	-1.495007437900674e-22
0.1106	2.006648942142323e-22	-1.720918588445888e-22
0.1107	1.845867988478497e-22	-1.9281142691369133e-22
0.11080000000000001	1.66374512993952e-22	-2.1142736773482913e-22
0.1109	1.4635067315919463e-22	-2.2774366597513366e-22
0.111	1.2485998724227442e-22	-2.416028021576159e-22
0.1111	1.0226263603316109e-22	-2.528874547353742e-22
0.11120000000000001	7.892752311571281e-23	-2.61521454752847e-22
0.11130000000000001	5.522550154979824e-23	-2.6746998871152264e-22
0.1114	3.1522704393216265e-23	-2.7073905935619706e-22
0.1115	8.174102423330168e-24	-2.7137422785265085e-22
0.1116	-1.4482593575437493e-23	-2.694586739818123e-22
0.11170000000000001	-3.6132576745384174e-23	-2.651106232857974e-22
0.11180000000000001	-5.648903523686932e-23	-2.5848020134219467e-22
0.1119	-7.52976032783842e-23	-2.4974578531079943e-22
0.112	-9.234009852497152e-23	-2.391099314135241e-22
0.1121	-1.0743748668601684e-22	-2.267949639241985e-22
0.11220000000000001	-1.2045203011666949e-22	-2.1303831644245555e-22
0.11230000000000001	-1.312885934024809e-22	-1.9808771962084902e-22
0.1124	-1.398950956556492e-22	-1.8219633105743598e-22
0.1125	-1.4626211594953274e-22	-1.6561790274375757e-22
0.1126	-1.5042167472360092e-22	-1.4860207929320902e-22
0.11270000000000001	-1.5244522977995616e-22	-1.313899162242995e-22
0.11280000000000001	-1.5244094036434632e-22	-1.1420970192952782e-22
0.1129	-1.5055026649866925e-22	-9.727315974646921e-23
0.113	-1.4694398295234377e-22	-8.077209791694545e-23
0.1131	-1.4181769778040555e-22	-6.487556535202751e-23
0.11320000000000001	-1.353869740243073e-22	-4.972756021746758e-23
0.11330000000000001	-1.2788215981232958e-22	-3.544532663766783e-23
0.1134	-1.1954303659534314e-22	-2.2118262521496895e-23
0.1135	-1.1061339753810134e-22	-9.807448886479738e-24
0.1136	-1.0133566812729334e-22	1.454201650735883e-24
0.11370000000000001	-9.194567887011394e-23	1.1661192089087879e-23
0.11380000000000001	-8.266769559959102e-23	2.0834110958381202e-23
0.1139	-7.370980647570074e-23	2.901776340221197e-23
0.114	-6.525975641496028e-23	3.6278812492352984e-23
0.11410000000000001	-5.748130957310399e-23	4.2702989355703606e-23
0.11420000000000001	-5.051120885704543e-23	4.8391938950184865e-23
0.1143	-4.4456788493587274e-23	5.345977516298888e-23
0.1144	-3.9394281698568967e-23	5.802942419487879e-23
0.1145	-3.5367850755212375e-23	6.222883884115316e-23
0.11460000000000001	-3.238935162226493e-23	6.618716821910629e-23
0.11470000000000001	-3.043882985670124e-23	7.003096769324195e-23
0.1148	-2.946572945962245e-23	7.388053221742549e-23
0.1149	-2.9390781540586534e-23	7.784643308630271e-23
0.115	-3.0108525737940133e-23	8.202633323872155e-23
0.11510000000000001	-3.149040440773892e-23	8.650214988762437e-23
0.11520000000000001	-3.338835795728004e-23	9.133762549791255e-23
0.1153	-3.563883958049883e-23	9.657635915709426e-23
0.1154	-3.806715925024749e-23	1.0224034036813751e-22
0.1155	-4.049206030073721e-23	1.0832901644509307e-22
0.11560000000000001	-4.2730427418659214e-23	1.1481891323106559e-22
0.11570000000000001	-4.4602022439678634e-23	1.2166381701816076e-22
0.1158	-4.593414406252568e-23	1.2879551357042922e-22
0.1159	-4.656610944738915e-23	1.3612506827635074e-22
0.116	-4.635345961779345e-23	1.4354461992721494e-22
0.11610000000000001	-4.517179655286202e-23	1.509296496653578e-22