0.	Indeterminate	Indeterminate
0.0001	-4.9381329192616295e-23	-2.1959457585485592e-24
0.0002	-5.126893594987938e-23	-4.147965980767404e-24
0.00030000000000000003	-5.434530114613937e-23	-5.6185966632912576e-24
0.0004	-5.850767132694703e-23	-6.3831540280126606e-24
0.0005	-6.361558549349331e-23	-6.2357704850077894e-24
0.0006000000000000001	-6.949418232684607e-23	-4.995013822383755e-24
0.0007	-7.593833057249165e-23	-2.5089642005598183e-24
0.0008	-8.271749467363009e-23	1.340365246322227e-24
0.0009000000000000001	-8.958123191008045e-23	6.633364794474035e-24
0.001	-9.626520357548168e-23	1.3410006380582676e-23
0.0011	-1.024975713902803e-22	2.1667931093714418e-23
0.0012000000000000001	-1.08005641636042e-22	3.13614943379324e-23
0.0013000000000000002	-1.125226135901762e-22	4.2401797085915737e-23
0.0014	-1.1579428586587562e-22	5.465771097540474e-23
0.0015	-1.1758557428836877e-22	6.795788408799665e-23
0.0016	-1.1768669797422378e-22	8.20936935154419e-23
0.0017000000000000001	-1.15918896274273e-22	9.682309068141119e-23
0.0018000000000000002	-1.121395480825375e-22	1.118752662551193e-22
0.0019	-1.0624657653613743e-22	1.269560437568629e-22
0.002	-9.818203611358417e-23	1.4175389497739073e-22
0.0021000000000000003	-8.793479531047369e-23	1.5594645644235161e-22
0.0022	-7.554224611747356e-23	1.692074146387133e-22
0.0023	-6.109099109233079e-23	1.8121361882477495e-22
0.0024000000000000002	-4.47164795207065e-23	1.9165227416092743e-22
0.0025	-2.660158559118384e-23	2.0022806476145464e-22
0.0026000000000000003	-6.974143243029209e-24	2.0667005615742015e-22
0.0027	1.3896526051400288e-23	2.1073822959656422e-22
0.0028	3.570403526619478e-23	2.122295065475568e-22
0.0029000000000000002	5.811022620305831e-23	2.109831306228605e-22
0.003	8.075124024681833e-23	2.0688528572903673e-22
0.0031000000000000003	1.0324425257091682e-22	1.9987284338291092e-22
0.0032	1.251947420883583e-22	1.8993614853303005e-22
0.0033	1.4620415708754953e-22	1.7712077158872383e-22
0.0034000000000000002	1.6587782682180495e-22	1.6152817433418601e-22
0.0035	1.838329625460302e-22	1.433152586091619e-22
0.0036000000000000003	1.9970658776877803e-22	1.2269278866179057e-22
0.0037	2.1316323690822636e-22	9.992270049529028e-23
0.0038	2.239022641415875e-22	7.531433390076473e-23
0.0039000000000000003	2.316646099921163e-22	4.9219644754109973e-23
0.004	2.3623888201778025e-22	2.2027476123241232e-23
0.0041	2.374666177022119e-22	-5.843013634645517e-24
0.004200000000000001	2.352466120956693e-22	-3.3949649701250296e-23
0.0043	2.2953820965143103e-22	-6.183513465303075e-23
0.0044	2.203634787423317e-22	-8.903539204997541e-23
0.0045000000000000005	2.078082081706242e-22	-1.1508820376175503e-22
0.0046	1.9202168721284512e-22	-1.3954197726098726e-22
0.0047	1.7321525395113255e-22	-1.6196447443950112e-22
0.0048000000000000004	1.516596203932131e-22	-1.8195133204688496e-22
0.0049	1.2768100672132334e-22	-1.9913420566653724e-22
0.005	1.0165614047733692e-22	-2.13188374225731e-22
0.0051	7.400619913300474e-23	-2.238396503131511e-22
0.005200000000000001	4.518979586881997e-23	-2.3087045291858955e-22
0.0053	1.569512807218554e-23	-2.341249134241682e-22
0.0054	-1.3968574325839425e-23	-2.3351290251776e-22
0.0055000000000000005	-4.328014838018601e-23	-2.290128848685138e-22
0.0056	-7.17159808002998e-23	-2.206735295566193e-22
0.0057	-9.875969960132135e-23	-2.0861402699967795e-22
0.0058000000000000005	-1.2391189436218918e-22	-1.9302308704823088e-22
0.0059	-1.4669968185069924e-22	-1.7415661758993635e-22
0.006	-1.6668593435028007e-22	-1.5233410794524137e-22
0.0061	-1.8347799205636708e-22	-1.2793376608842211e-22
0.006200000000000001	-1.9673568835611832e-22	-1.0138648281811701e-22
0.0063	-2.0617852755366804e-22	-7.31687189716368e-23
0.0064	-2.1159186848119498e-22	-4.379443318585026e-23
0.006500000000000001	-2.1283198421087915e-22	-1.3806187138953945e-23
0.0066	-2.098298874655527e-22	1.6234417719374645e-23
0.0067	-2.025938329768966e-22	4.575680356695648e-23
0.0068000000000000005	-1.9121043157503e-22	7.419179996991238e-23
0.006900000000000001	-1.758443357900762e-22	1.009821600815659e-22
0.007	-1.567364827523516e-22	1.2559301660758574e-22
0.0071	-1.342009067188323e-22	1.4752208364342324e-22
0.007200000000000001	-1.086201601418926e-22	1.6630941284725086e-22
0.0073	-8.043940833997771e-23	1.8154651833521928e-22
0.0074	-5.015928804171143e-23	1.9288469409707192e-22
0.007500000000000001	-1.8327643881543855e-23	2.000423604851595e-22
0.0076	1.4469721124377192e-23	2.028112922221324e-22
0.0077	4.7619125418585105e-23	2.0106159913633326e-22
0.0078000000000000005	8.048974633711515e-23	1.9474535214869205e-22
0.0079	1.124448283898412e-22	1.8389877053130328e-22
0.008	1.4285316488356212e-22	1.6864291172372067e-22
0.0081	1.7110064812856394e-22	1.4918283158110151e-22
0.0082	1.966016798718801e-22	1.258052103640762e-22
0.0083	2.1881023375786964e-22	9.887446757042013e-23
0.008400000000000001	2.3723036555717953e-22	6.88274163501495e-23
0.0085	2.514259745880022e-22	3.616653523486426e-23
0.0086	2.61029631069905e-22	1.451960753701843e-24
0.008700000000000001	2.657502989246889e-22	-3.47076712755043e-23
0.0088	2.6537980153128785e-22	-7.166538585185966e-23
0.0089	2.5979789885316388e-22	-1.087468607199567e-22
0.009000000000000001	2.4897586783292377e-22	-1.4526206376955261e-22
0.0091	2.329785035871401e-22	-1.8051733596979363e-22
0.0092	2.1196448629021654e-22	-2.138277097791801e-22
0.009300000000000001	1.8618508723141204e-22	-2.4452924652184127e-22
0.0094	1.5598121686022633e-22	-2.719911735858785e-22
0.0095	1.2177884718228592e-22	-2.9562760355709924e-22
0.009600000000000001	8.408287010350959e-23	-3.1490862255863363e-22
0.0097	4.346948171973939e-23	-3.2937054406115927e-22
0.0098	5.77209599061152e-25	-3.386251371279829e-22
0.0099	-4.390327468755756e-23	-3.423676542654192e-22
0.01	-8.924039262737177e-23	-3.403835034991956e-22
0.010100000000000001	-1.3467376008261088e-22	-3.3255343167001e-22
0.0102	-1.7942695045694174e-22	-3.1885711085995455e-22
0.0103	-2.227207036674235e-22	-2.993750469027581e-22
0.010400000000000001	-2.6378635493698198e-22	-2.7428875763099704e-22
0.0105	-3.018792513814964e-22	-2.4387919837665685e-22
0.0106	-3.362919223585983e-22	-2.085234427482866e-22
0.010700000000000001	-3.6636677163577685e-22	-1.686896573246733e-22
0.0108	-3.915080656149663e-22	-1.2493043909260295e-22
0.0109	-4.1119300203871183e-22	-7.787461368052651e-23
0.011000000000000001	-4.249816576473115e-22	-2.8217620180501097e-23
0.0111	-4.325256309364827e-22	2.3289365889614154e-23
0.0112	-4.335752171951455e-22	7.585139661808924e-23
0.011300000000000001	-4.279849770365596e-22	1.2864260741664826e-22
0.0114	-4.157175862724154e-22	1.808197519185544e-22
0.0115	-3.9684588376974697e-22	2.315361899256679e-22
0.011600000000000001	-3.7155306438592005e-22	2.7995609247512323e-22
0.0117	-3.4013099567681016e-22	3.2526862232355354e-22
0.0118	-3.0297666927431667e-22	3.667018465247918e-22
0.0119	-2.60586830074942e-22	4.03536140359649e-22
0.012	-2.1355085811102155e-22	4.351168486448594e-22
0.012100000000000001	-1.6254200863614765e-22	4.608659813104246e-22
0.0122	-1.0830714500820282e-22	4.802927349266354e-22
0.0123	-5.1655125884090837e-23	4.930026503511316e-22
0.012400000000000001	6.555967428898816e-24	4.987052385541424e-22
0.0125	6.543255632499886e-23	4.97219931607786e-22
0.0126	1.2406001794104452e-22	4.884802433799251e-22
0.012700000000000001	1.8151762674752606e-22	4.725360541938238e-22
0.0128	2.368937354390901e-22	4.4955396510157825e-22
0.0129	2.893009399725986e-22	4.1981569994047193e-22
0.013000000000000001	3.3789097203429787e-22	3.837145664436816e-22
0.0131	3.818690650362435e-22	3.417500207940606e-22
0.0132	4.205075469209418e-22	2.9452041257325535e-22
0.013300000000000001	4.531584244919619e-22	2.4271401850644106e-22
0.0134	4.792647395133462e-22	1.8709850319026243e-22
0.0135	4.983704961868338e-22	1.2850897259941629e-22
0.013600000000000001	5.101289825114229e-22	6.783481111189682e-23
0.0137	5.143093340807933e-22	6.005514634278188e-24
0.013800000000000002	5.108012176509457e-22	-5.602424924218694e-23
0.013900000000000001	4.996175428352183e-22	-1.1729010859671922e-22
0.014	4.808951430380796e-22	-1.7683372614917905e-22
0.014100000000000001	4.548934006727151e-22	-2.337185477967798e-22
0.0142	4.219908262478895e-22	-2.8704529692791724e-22
0.0143	3.826796354718303e-22	-3.3596695344419536e-22
0.014400000000000001	3.375584025172041e-22	-3.79702963577757e-22
0.0145	2.8732290044127443e-22	-4.1755243808136083e-22
0.0146	2.327552708960409e-22	-4.489061120173799e-22
0.014700000000000001	1.7471169415855417e-22	-4.732568589319004e-22
0.0148	1.1410875666190232e-22	-4.902085753568201e-22
0.0149	5.190873615748989e-23	-4.9948327795931175e-22
0.015000000000000001	-1.08959560128026e-23	-5.009262848212381e-22
0.0151	-7.329892065298301e-23	-4.945093837993656e-22
0.0152	-1.3429623839476383e-22	-4.80331924167831e-22
0.015300000000000001	-1.9290298650808769e-22	-4.586198022226911e-22
0.0154	-2.481695298296114e-22	-4.297223466572156e-22
0.0155	-2.991973132192928e-22	-3.941071447055706e-22
0.015600000000000001	-3.451538899680241e-22	-3.5235288470846813e-22
0.015700000000000002	-3.852869320838237e-22	-3.0514032429096806e-22
0.0158	-4.1893698420351715e-22	-2.5324152519081416e-22
0.0159	-4.455487427611036e-22	-1.975075253928965e-22
0.016	-4.646806656736652e-22	-1.38854646105166e-22
0.0161	-4.760127447971219e-22	-7.824965479148736e-23
0.0162	-4.793523033157801e-22	-1.6694025548219398e-23
0.016300000000000002	-4.746377125697011e-22	4.4792445776413897e-23
0.0164	-4.619399570578677e-22	1.051884024520388e-22
0.0165	-4.414620119153783e-22	1.6348778704481718e-22
0.0166	-4.1353603345757494e-22	2.1871652140957696e-22
0.0167	-3.7861839980745316e-22	2.699487288437757e-22
0.016800000000000002	-3.3728267456520235e-22	3.1632222723930967e-22
0.016900000000000002	-2.902106013370218e-22	3.5705303310641634e-22
0.017	-2.3818127012764136e-22	3.9144863176264957e-22
0.0171	-1.820586275570191e-22	4.1891978853517443e-22
0.0172	-1.2277753106179616e-22	4.389906992029027e-22
0.0173	-6.132857220676713e-23	4.513073047272658e-22
0.017400000000000002	1.2580844660620204e-24	4.556436251495575e-22
0.0175	6.392958334996344e-23	4.519059998800115e-22
0.0176	1.2562770380263473e-22	4.401351559369243e-22
0.0177	1.8530634526078304e-22	4.2050606144667087e-22
0.0178	2.419488827337381e-22	3.933255582955822e-22
0.0179	2.9458510508007862e-22	3.590278046253454e-22
0.018000000000000002	3.423074543624641e-22	3.1816759427278187e-22
0.0181	3.842862951633718e-22	2.714116556653987e-22
0.0182	4.1978395786496303e-22	2.195280665041054e-22
0.0183	4.481673193107941e-22	1.633739522274258e-22
0.0184	4.689187076646606e-22	1.0388166522498929e-22
0.018500000000000003	4.816449452841449e-22	4.204366756383699e-23
0.018600000000000002	4.8608437359462675e-22	-2.1103637827725305e-23
0.0187	4.821117367910857e-22	-8.44968643850191e-23
0.0188	4.6974083617179005e-22	-1.4706311052195455e-22
0.0189	4.491249034453457e-22	-2.0773765327779555e-22
0.019	4.2055467884862965e-22	-2.6548157600931334e-22
0.019100000000000002	3.844542177489292e-22	-3.1929903931352207e-22
0.019200000000000002	3.4137448695320117e-22	-3.682539093462616e-22
0.0193	2.919848485882804e-22	-4.1148546741970545e-22
0.0194	2.3706256453958155e-22	-4.482229390674849e-22
0.0195	1.774804874576084e-22	-4.777985994337405e-22
0.0196	1.1419313471049256e-22	-4.996592345732678e-22
0.019700000000000002	4.822136886867841e-23	-5.133757646773963e-22
0.0198	-1.9364068101803853e-23	-5.186508649358665e-22
0.0199	-8.745990018625363e-23	-5.153244522254514e-22
0.02	-1.5494826022960674e-22	-5.033769405509621e-22
0.0201	-2.2071493780793737e-22	-4.829302045851424e-22
0.020200000000000003	-2.8366763363862657e-22	-4.542462281632628e-22
0.020300000000000002	-3.427539211775232e-22	-4.177234525695072e-22
0.0204	-3.9697862004885423e-22	-3.738908772801841e-22
0.0205	-4.45420294819758e-22	-3.2340000287946695e-22
0.0206	-4.872466062298205e-22	-2.670147415246279e-22
0.0207	-5.217282601020688e-22	-2.055994540195389e-22
0.020800000000000003	-5.482513215061905e-22	-1.4010530369881612e-22
0.020900000000000002	-5.663276879574388e-22	-7.155514541304283e-23
0.021	-5.75603545091725e-22	-1.0271924698981678e-24
0.0211	-5.758656608773865e-22	7.036227498388851e-23
0.0212	-5.67045409475972e-22	1.4147688030564436e-22
0.0213	-5.492204527762324e-22	2.1117850779881293e-22
0.021400000000000002	-5.226140457940826e-22	2.7834574859527936e-22
0.021500000000000002	-4.875919709316192e-22	3.4189213416976427e-22
0.0216	-4.446571448841998e-22	4.0078385945547345e-22
0.0217	-3.944419801391016e-22	4.540567051972175e-22
0.0218	-3.376986198949082e-22	5.008318816172586e-22
0.0219	-2.752872002403711e-22	5.403305324837543e-22
0.022000000000000002	-2.0816232598738934e-22	5.718866599903126e-22
0.0221	-1.37357976117479e-22	5.949582561348846e-22
0.0222	-6.397108088488444e-23	6.091364551188153e-22
0.0223	1.0855965210068576e-23	6.141525532050545e-22
0.0224	8.595357247647006e-23	6.098827769600992e-22
0.022500000000000003	1.601437117107606e-22	5.96350717295794e-22
0.022600000000000002	2.3225885259211393e-22	5.737273846301392e-22
0.0227	3.0116077734433865e-22	5.423288791819112e-22
0.0228	3.657589636848922e-22	5.0261170927004595e-22
0.0229	4.250282375537471e-22	4.551658288695171e-22
0.023	4.780254074880553e-22	4.00705502952339e-22
0.023100000000000002	5.239046086032781e-22	3.400581447040789e-22
0.023200000000000002	5.619311047007292e-22	2.7415130196905675e-22
0.0233	5.914933217145859e-22	2.039980006944267e-22
0.0234	6.121129141397185e-22	1.3068068021405743e-22
0.0235	6.234526977853918e-22	5.533397849067048e-23
0.0236	6.253223166644112e-22	-2.0873355465409468e-23
0.023700000000000002	6.176815484930266e-22	-9.67571301773182e-23
0.0238	6.006411915473698e-22	-1.7113665959212914e-22
0.0239	5.744615148741653e-22	-2.428536836282168e-22
0.024	5.395482934470961e-22	-3.1079095475570243e-22
0.0241	4.964464891495602e-22	-3.738901890110037e-22
0.024200000000000003	4.458316768079039e-22	-4.311690897900985e-22
0.024300000000000002	3.8849935127016453e-22	-4.817371674704355e-22
0.0244	3.253522861219598e-22	-5.248100971432193e-22
0.0245	2.57386146487428e-22	-5.59722380186561e-22
0.0246	1.8567358695651012e-22	-5.859381026973023e-22
0.0247	1.1134709054124895e-22	-6.0305961448367e-22
0.024800000000000003	3.558082528449333e-23	-6.10833985904982e-22
0.024900000000000002	-4.0428188617058676e-23	-6.091571357833753e-22
0.025	-1.1547929682565382e-22	-5.980755613221992e-22
0.0251	-1.8838750311494636e-22	-5.7778563983301695e-22
0.0252	-2.5800252347220663e-22	-5.486305114658169e-22
0.0253	-3.2322729324707823e-22	-5.11094591413351e-22
0.025400000000000002	-3.830356271563064e-22	-4.657957985807662e-22
0.025500000000000002	-4.364887454560178e-22	-4.134756248476435e-22
0.0256	-4.827503977680787e-22	-3.549872041954163e-22
0.0257	-5.211003386019541e-22	-2.912815735552562e-22
0.0258	-5.509459351843326e-22	-2.2339234671740108e-22
0.025900000000000003	-5.718317183649712e-22	-1.5241904855065127e-22
0.026000000000000002	-5.834467206204348e-22	-7.95093786863022e-23
0.0261	-5.856294809878952e-22	-5.840691364942604e-24
0.0262	-5.783706345475605e-22	6.73990089603891e-23
0.0263	-5.618130432207398e-22	1.3903024863825265e-22
0.0264	-5.362494645244389e-22	2.0790113178561311e-22
0.026500000000000003	-5.021177948743628e-22	2.7290594455238093e-22
0.026600000000000002	-4.599939634060526e-22	3.330030150548537e-22
0.0267	-4.1058259044770275e-22	3.872315392808036e-22
0.0268	-3.5470556110630905e-22	4.347270999136233e-22
0.0269	-2.9328869832963794e-22	4.747356261120692e-22
0.027	-2.273467507271169e-22	5.06625567474804e-22
0.027100000000000003	-1.5796693786931281e-22	5.2989808430658755e-22
0.027200000000000002	-8.629131929029639e-23	5.44195088417426e-22
0.0273	-1.349827260607356e-23	5.493050035060247e-22
0.0274	5.921661927792741e-23	5.451661511390296e-22
0.0275	1.3065996220545912e-22	5.318677068376075e-22
0.027600000000000003	1.9965991172404498e-22	5.096482101970803e-22
0.027700000000000002	2.6508518706467908e-22	4.7889165265299e-22
0.027800000000000002	3.258634297933431e-22	4.4012120582293475e-22
0.0279	3.8099860932884403e-22	3.939906916581998e-22
0.028	4.295871929088796e-22	3.4127393230962264e-22
0.0281	4.708328175643152e-22	2.828521520517953e-22
0.028200000000000003	5.040592259068707e-22	2.1969963525782485e-22
0.028300000000000002	5.287212556541203e-22	1.5286787275877942e-22
0.0284	5.444137043518889e-22	8.346845349583511e-23
0.0285	5.50877925195362e-22	1.2654978779265252e-23
0.0286	5.480060466375225e-22	-5.839570762605505e-23
0.0287	5.35842747008819e-22	-1.285026692228154e-22
0.028800000000000003	5.145845550294541e-22	-1.965000957405728e-22
0.028900000000000002	4.845766872305901e-22	-2.6125627959978565e-22
0.029	4.463074732610586e-22	-3.216920420482395e-22
0.0291	4.0040045919208245e-22	-3.767983100369931e-22
0.0292	3.4760431660807636e-22	-4.256525586571683e-22
0.029300000000000003	2.8878072087439065e-22	-4.674338523445257e-22
0.029400000000000003	2.2489039492405827e-22	-5.014362407774757e-22
0.029500000000000002	1.5697754466969723e-22	-5.270802920764133e-22
0.0296	8.615293824009869e-23	-5.439225761245595e-22
0.0297	1.357590323933712e-23	-5.516629440818669e-22
0.0298	-5.956446622753228e-23	-5.501494859132848e-22
0.029900000000000003	-1.3206858820920613e-22	-5.393810854198587e-22
0.030000000000000002	-2.0274584482640265e-22	-5.195075312333107e-22
0.030100000000000002	-2.7043389224549446e-22	-4.908271818785591e-22
0.0302	-3.3401751582520253e-22	-4.537822226796515e-22
0.0303	-3.9244672495917726e-22	-4.089515913381002e-22
0.0304	-4.447537945003409e-22	-3.5704168681395187e-22
0.030500000000000003	-4.900689767722057e-22	-2.9887501207505287e-22
0.030600000000000002	-5.276346297693098e-22	-2.3537693476493575e-22
0.0307	-5.568175328713884e-22	-1.6756078033093382e-22
0.0308	-5.771191908250128e-22	-9.651149915657966e-23
0.0309	-5.881839594034909e-22	-2.3368172317673715e-23
0.031	-5.898048615088589e-22	5.069436064423603e-23
0.031100000000000003	-5.819269999538577e-22	1.2448445436815355e-22
0.031200000000000002	-5.646485121471782e-22	1.9681288384210592e-22
0.0313	-5.382190517677924e-22	2.6651203284619288e-22
0.031400000000000004	-5.03035822605827e-22	3.3245473412635124e-22
0.0315	-4.596372294163304e-22	3.9357245649985665e-22
0.0316	-4.086942492337606e-22	4.488725447842054e-22
0.0317	-3.5099966350209467e-22	4.974542339018693e-22
0.0318	-2.8745532598858356e-22	5.385231784917267e-22
0.031900000000000005	-2.1905767320679966e-22	5.714042635267694e-22
0.032	-1.4688171246138099e-22	5.955524894026376e-22
0.032100000000000004	-7.2063747182926e-23	6.10561756266244e-22
0.0322	4.2168804506992954e-24	6.1617140648765e-22
0.0323	8.075673383982865e-23	6.122704205854274e-22
0.0324	1.5634760650818532e-22	5.988992000023476e-22
0.0325	2.2979591416820213e-22	5.762489092747662e-22
0.032600000000000004	2.999418407147464e-22	5.446583897077888e-22
0.0327	3.6567792875696216e-22	5.046086960159269e-22
0.0328	4.259668145207726e-22	4.567153458751328e-22
0.0329	4.798578210460096e-22	4.017184093318643e-22
0.033	5.265021423301275e-22	3.4047059992667763e-22
0.033100000000000004	5.651663741269883e-22	2.739235616475793e-22
0.0332	5.952441741165546e-22	2.031125749085564e-22
0.0333	6.162658646770248e-22	1.2913993018068337e-22
0.0334	6.279058250162659e-22	5.315723927532437e-23
0.0335	6.299875554061215e-22	-2.3653028753466364e-23
0.033600000000000005	6.224863341239166e-22	-1.0009648782976912e-22
0.0337	6.05529426822458e-22	-1.7498594452624433e-22
0.033800000000000004	5.793938477849551e-22	-2.471603680846547e-22
0.0339	5.445017122274293e-22	-3.1550341428736506e-22
0.034	5.014132578412809e-22	-3.7896120426089903e-22
0.0341	4.508176514881755e-22	-4.365590717239862e-22
0.0342	3.93521732754546e-22	-4.874170092693802e-22
0.034300000000000004	3.304368793628014e-22	-5.30763565707665e-22
0.0344	2.625642096804008e-22	-5.659479719495176e-22
0.0345	1.9097836427670612e-22	-5.924503019414593e-22
0.0346	1.1681013121878656e-22	-6.098895073226149e-22
0.0347	4.1228198204591926e-23	-6.180291992088339e-22
0.034800000000000005	-3.45796715901945e-23	-6.167810872667747e-22
0.0349	-1.0942573414738422e-22	-6.062060244129449e-22
0.035	-1.8214131998062916e-22	-5.865126444367677e-22
0.0351	-2.515955416159223e-22	-5.580536189665349e-22
0.0352	-3.1671335068022913e-22	-5.213195988337837e-22
0.035300000000000005	-3.764926531533394e-22	-4.769309424157321e-22
0.0354	-4.300202071242813e-22	-4.256273693355537e-22
0.035500000000000004	-4.764860476487704e-22	-3.682557113942385e-22
0.0356	-5.151962076922804e-22	-3.057559632517921e-22
0.0357	-5.45583532261119e-22	-2.3914586267236574e-22
0.0358	-5.672164142070752e-22	-1.6950425365645214e-22
0.0359	-5.79805314322991e-22	-9.795350512401304e-23
0.036000000000000004	-5.832069646655241e-22	-2.5641272675466268e-23
0.0361	-5.774261919510013e-22	4.627809889493045e-23
0.0362	-5.626153367484769e-22	1.1666222938482564e-22
0.0363	-5.390712834040695e-22	1.843991100000937e-22
0.0364	-5.072301545304342e-22	2.4842496456504683e-22
0.036500000000000005	-4.6765976184905965e-22	3.0774127598992723e-22
0.0366	-4.2104994156124626e-22	3.6143070306570205e-22
0.0367	-3.6820093665295536e-22	4.0867163132901466e-22
0.0368	-3.1001002005226173e-22	4.487511245668016e-22
0.0369	-2.4745658084389515e-22	4.810760701305762e-22
0.037000000000000005	-1.8158592034537084e-22	5.051823411626037e-22
0.0371	-1.134920253661335e-22	5.207418316047696e-22
0.037200000000000004	-4.429960207575779e-23	5.275672549239027e-22
0.0373	2.48543346575394e-23	5.2561463426643315e-22
0.0374	9.28390150103237e-23	5.149834496442879e-22
0.0375	1.5854830794338428e-22	4.959144461297387e-22
0.0376	2.209186551804606e-22	4.687851452690175e-22
0.037700000000000004	2.7894625390150123e-22	4.341031393858201e-22
0.0378	3.3170320961777263e-22	3.924972845227313e-22
0.0379	3.783523982256047e-22	3.4470694187130787e-22
0.038	4.1816079800632957e-22	2.915694491136816e-22
0.0381	4.5051107798673e-22	2.3400603162589825e-22
0.038200000000000005	4.749112581679178e-22	1.730063885130627e-22
0.0383	4.910022891863845e-22	1.0961220955381538e-22
0.038400000000000004	4.985634334559724e-22	4.4899895987700535e-23
0.0385	4.975153661819167e-22	-2.0037229585710952e-23
0.0386	4.879209522359744e-22	-8.41069313061128e-23
0.038700000000000005	4.699836931138553e-22	-1.4623599046939636e-22
0.0388	4.440438764318886e-22	-2.0538776465721956e-22
0.038900000000000004	4.105724980293457e-22	-2.605790888713407e-22
0.039	3.7016306310805855e-22	-3.1089624356026064e-22
0.0391	3.235214073649485e-22	-3.5550973051813006e-22
0.0392	2.714537111912309e-22	-3.9368761794962564e-22
0.0393	2.148529091995532e-22	-4.248072401861491e-22
0.039400000000000004	1.5468372312263744e-22	-4.483650651997516e-22
0.0395	9.196656808616244e-23	-4.639845737277793e-22
0.0396	2.776060004124176e-23	-4.714220269799286e-22
0.0397	-3.6853814536312295e-23	-4.705700349970757e-22
0.0398	-1.0079291692097718e-22	-4.614588741833197e-22
0.039900000000000005	-1.6298736877766162e-22	-4.44255539733681e-22
0.04	-2.2239976656211437e-22	-4.192605560130041e-22
0.040100000000000004	-2.7804157090565994e-22	-3.86902604789048e-22
0.0402	-3.289891747543333e-22	-3.4773106697636416e-22
0.0403	-3.7439884910900257e-22	-3.0240660761809085e-22
0.040400000000000005	-4.1352032455822013e-22	-2.5168996566090214e-22
0.0405	-4.457087900788118e-22	-1.9642913914241276e-22
0.040600000000000004	-4.704351174036989e-22	-1.3754518223620199e-22
0.0407	-4.872941491684027e-22	-7.601685276805421e-23
0.0408	-4.960109215428218e-22	-1.2864366969967964e-23
0.0409	-4.96444726586951e-22	5.0867467913723523e-23
0.041	-4.885909555595906e-22	1.1412646322938126e-22
0.041100000000000005	-4.725807012562277e-22	1.75870316127988e-22
0.0412	-4.4867813454168845e-22	2.3508364986199545e-22
0.0413	-4.1727570695797797e-22	2.907945474212716e-22
0.0414	-3.7888726701882513e-22	3.4209030816975605e-22
0.0415	-3.341392119583994e-22	3.8813217100086935e-22
0.041600000000000005	-2.8375982871937846e-22	4.281687655926258e-22
0.0417	-2.285670073183071e-22	4.615480753000725e-22
0.041800000000000004	-1.694545359337373e-22	4.877277206948164e-22
0.0419	-1.0737720969844308e-22	5.062834013137754e-22
0.042	-4.3335003874878977e-23	5.169153643263451e-22
0.042100000000000005	2.164342344555577e-23	5.194528020428825e-22
0.0422	8.651762398168319e-23	5.138561149071447e-22
0.042300000000000004	1.5025236672087073e-22	5.0021701225637375e-22
0.0424	2.118344789861465e-22	4.7875645909705295e-22
0.0425	2.702892438961333e-22	4.498205128297509e-22
0.0426	3.246960855985428e-22	4.138741286677105e-22
0.0427	3.7420328669761867e-22	3.7149304585144197e-22
0.042800000000000005	4.1804149954332503e-22	3.2335389811304796e-22
0.0429	4.555358342022348e-22	2.702227206712761e-22
0.043000000000000003	4.861163306176324e-22	2.1294205186808704e-22
0.0431	5.093266502623827e-22	1.5241684996804438e-22
0.0432	5.248308530150408e-22	8.95994642700642e-23
0.043300000000000005	5.324181575263478e-22	2.5473914229157136e-23
0.0434	5.320056174355868e-22	-3.8960259474837637e-23
0.043500000000000004	5.23638680865023e-22	-1.0270430220861346e-22
0.0436	5.074896360727418e-22	-1.6477644005110891e-22
0.0437	4.838539813814049e-22	-2.242276942200947e-22
0.0438	4.531447919309204e-22	-2.80157055409013e-22
0.0439	4.1588518884992144e-22	-3.3172577028786185e-22
0.044000000000000004	3.7269904755355606e-22	-3.7817050862449473e-22
0.0441	3.2430011053659934e-22	-4.1881519949414396e-22
0.0442	2.7147969576868924e-22	-4.5308134850970535e-22
0.0443	2.1509321419050926e-22	-4.804966745129756e-22
0.0444	1.5604572849258545e-22	-5.0070193325570925e-22
0.044500000000000005	9.527680003292156e-23	-5.134558267656037e-22
0.0446	3.3744881185772956e-23	-5.186379297994675e-22
0.044700000000000004	-2.758848354536177e-23	-5.1624959847271e-22
0.0448	-8.777438275414383e-23	-5.064128602457515e-22
0.0449	-1.4589192771993605e-22	-4.893673183636827e-22
0.045000000000000005	-2.010630517116245e-22	-4.654651370111114e-22
0.0451	-2.524664759561912e-22	-4.351642052996945e-22
0.045200000000000004	-2.9935061486474256e-22	-3.990196082166834e-22
0.0453	-3.410452125132627e-22	-3.5767356032755584e-22
0.0454	-3.769715251918406e-22	-3.118439828851582e-22
0.0455	-4.0665089065783256e-22	-2.6231192664310423e-22
0.0456	-4.297115531002666e-22	-2.0990806074938438e-22
0.045700000000000005	-4.458936432466477e-22	-1.5549846231796554e-22
0.0458	-4.550522449890063e-22	-9.996995141877457e-23
0.0459	-4.571585128191153e-22	-4.4215222138690635e-23
0.046	-4.522988376750504e-22	1.0881978030533166e-23
0.0461	-4.406720919399032e-22	6.446137093065846e-23
0.046200000000000005	-4.2258501673153855e-22	1.1570013000607206e-22
0.0463	-3.9844584572812716e-22	1.638260905586895e-22
0.046400000000000004	-3.6875628906097113e-22	2.0812997138001332e-22
0.0465	-3.341020277810393e-22	2.479764096952655e-22
0.0466	-2.95141893617729e-22	2.8281363316535158e-22
0.046700000000000005	-2.5259592979738335e-22	3.12181617375192e-22
0.0468	-2.0723254623030343e-22	3.3571860435020326e-22
0.046900000000000004	-1.5985499612738116e-22	3.531658867030843e-22
0.047	-1.11287410855971e-22	3.6437079250766877e-22
0.0471	-6.236063544526451e-23	3.6928783738909055e-22
0.0472	-1.3898108532999998e-23	3.679780420612377e-22
0.0473	3.329797229011341e-23	3.6060644508138465e-22
0.047400000000000005	7.845996575827371e-23	3.4743787138242107e-22
0.0475	1.2086735982134853e-22	3.288310466554425e-22
0.0476	1.5985839388693255e-22	3.052311753850809e-22
0.0477	1.9484054039673114e-22	2.7716112581601352e-22
0.0478	2.252996771212223e-22	2.4521138792255782e-22
0.047900000000000005	2.508078057193515e-22	2.1002899018479342e-22
0.048	2.7102919859556144e-22	1.7230557731982667e-22
0.048100000000000004	2.857248844156042e-22	1.3276486381328512e-22
0.0482	2.9475541230801317e-22	9.214968694619934e-23
0.0483	2.980818652509863e-22	5.120888788755844e-23
0.048400000000000006	2.9576512388513338e-22	1.068425026499055e-23
0.0485	2.8796341245972395e-22	-2.8702277551652144e-23
0.048600000000000004	2.7492818828038606e-22	-6.626085733232398e-23
0.0487	2.569984643636725e-22	-1.0134532480909838e-22
0.0488	2.3459368152880985e-22	-1.3336384867358823e-22
0.0489	2.0820527041481374e-22	-1.6178850872748916e-22
0.049	1.7838706548999244e-22	-1.8616363785411063e-22
0.049100000000000005	1.4574475165901035e-22	-2.0611279572744491e-22
0.0492	1.109245392643895e-22	-2.2134426755288386e-22
0.049300000000000004	7.460127488015536e-23	-2.316550081746917e-22
0.0494	3.7466203126727885e-23	-2.3693298009727606e-22
0.0495	2.1459868650253483e-25	-2.371578628407698e-22
0.049600000000000005	-3.64665122705747e-23	-2.324001400671154e-22
0.0497	-7.19103259050672e-23	-2.2281859955363994e-22
0.049800000000000004	-1.054817220784835e-22	-2.0865630884849302e-22
0.0499	-1.3658801686759336e-22	-1.9023515582797602e-22
0.05	-1.6468882449345757e-22	-1.6794906792827478e-22
0.050100000000000006	-1.8930486472301292e-22	-1.4225604611843332e-22
0.0502	-2.1002557235203283e-22	-1.136691693355776e-22
0.050300000000000004	-2.2651538830253626e-22	-8.274674178552888e-23
0.0504	-2.385186367338554e-22	-5.0081768946073276e-23
0.0505	-2.458629189117356e-22	-1.6290958080223764e-23
0.0506	-2.484609819167495e-22	1.7996554578549914e-23
0.0507	-2.4631104810064553e-22	5.215054515348001e-23
0.050800000000000005	-2.3949561900983987e-22	8.555090821330639e-23
0.0509	-2.2817879478575506e-22	1.175985286055714e-22
0.051000000000000004	-2.126021763316766e-22	1.477256283035276e-22
0.0511	-1.9307944233646433e-22	1.7540540919428326e-22
0.0512	-1.6998971612815187e-22	2.001608275272487e-22
0.051300000000000005	-1.4376985789482068e-22	2.21572353369462e-22
0.0514	-1.1490583570036305e-22	2.392845885336833e-22
0.051500000000000004	-8.39233436350351e-23	2.5301163866683257e-22
0.0516	-5.1377847127432023e-23	2.6254115908634783e-22
0.0517	-1.7844243719249083e-23	2.677370190779992e-22
0.051800000000000006	1.6093667655616837e-23	2.6854055524899963e-22
0.0519	4.9853714697187937e-23	2.6497041068269647e-22
0.052000000000000005	8.28656853125002e-23	2.5712098258185824e-22
0.0521	1.1458128091521344e-22	2.4515952634017506e-22
0.0522	1.4448351293398758e-22	2.2932198808546462e-22
0.0523	1.7209537847834765e-22	2.0990766025746125e-22
0.0524	1.9698766648211033e-22	1.8727277531433634e-22
0.052500000000000005	2.1878576360992463e-22	1.6182317084167304e-22
0.0526	2.37175349415167e-22	1.3400617484797312e-22
0.052700000000000004	2.51906892281438e-22	1.0430187260646183e-22
0.0528	2.627988811374791e-22	7.321392583527214e-23
0.0529	2.6973975235582007e-22	4.1260121148074736e-23
0.053000000000000005	2.7268849616285276e-22	8.96282746919643e-24
0.0531	2.7167395183062923e-22	-2.3160458531113325e-23
0.053200000000000004	2.6679282541956963e-22	-5.460630392236546e-23
0.0533	2.582064874390173e-22	-8.489410011199706e-23
0.0534	2.4613663005209836e-22	-1.135742350865823e-22
0.053500000000000006	2.3085988396377104e-22	-1.4023553303151804e-22
0.0536	2.127015135230975e-22	-1.645118328612345e-22
0.053700000000000005	1.9202832451250123e-22	-1.860875952571952e-22
0.0538	1.692409323061865e-22	-2.0470244778306415e-22
0.0539	1.44765548329284e-22	-2.2015459912808377e-22
0.054	1.1904544986848757e-22	-2.3230307609884164e-22
0.0541	9.253230216465161e-23	-2.410687601956589e-22
0.054200000000000005	6.567750231121625e-23	-2.4643422402304537e-22
0.0543	3.8923711805585684e-23	-2.484423909435538e-22
0.054400000000000004	1.2696738732591221e-23	-2.4719406384799896e-22
0.0545	-1.260207836103392e-23	-2.4284439025609144e-22
0.0546	-3.660284461736906e-23	-2.355983507775367e-22
0.054700000000000006	-5.897331513902747e-23	-2.257053758844072e-22
0.0548	-7.942422416251432e-23	-2.134532116393556e-22
0.054900000000000004	-9.77136465622352e-23	-1.9916116820444265e-22
0.055	-1.1365032134817753e-22	-1.8317289538576363e-22
0.0551	-1.2709588823452602e-22	-1.6584883696764747e-22
0.055200000000000006	-1.3796601052367937e-22	-1.4755852003348232e-22
0.0553	-1.4623038003251122e-22	-1.2867283679383754e-22
0.055400000000000005	-1.5191162214242636e-22	-1.0955647464382197e-22
0.0555	-1.5508314084488707e-22	-9.056064530815578e-23
0.055600000000000004	-1.5586596445554988e-22	-7.201625612141419e-23
0.0557	-1.5442467208066253e-22	-5.422765590632695e-23
0.0558	-1.509624985657956e-22	-3.746707478206763e-23
0.055900000000000005	-1.4571573120258475e-22	-2.196986183327572e-23
0.056	-1.389475246200583e-22	-7.930607217658545e-24
0.056100000000000004	-1.309412707976778e-22	4.499783658232185e-24
0.0562	-1.2199366881487185e-22	1.5216016424263105e-23
0.0563	-1.1240764366050888e-22	2.415930798370995e-23
0.056400000000000006	-1.0248526508838587e-22	3.1317255535545215e-23
0.0565	-9.252081610466213e-23	3.6722690512512963e-23
0.056600000000000004	-8.279415625399728e-23	4.0451554391879765e-23
0.0567	-7.356451753615567e-23	4.2619853277851036e-23
0.0568	-6.506486069437918e-23	4.337976681775991e-23
0.056900000000000006	-5.749690698537303e-23	4.291500403020311e-23
0.057	-5.1026945632224695e-23	4.1435513658085296e-23
0.057100000000000005	-4.5782500284309574e-23	3.9171669419110795e-23
0.0572	-4.1849919308696424e-23	3.636806076278539e-23
0.057300000000000004	-3.9272934993439336e-23	3.327702725917455e-23
0.0574	-3.8052216155994374e-23	3.0152079398010805e-23
0.0575	-3.814591763704658e-23	2.724135028186497e-23
0.057600000000000005	-3.9471209146310524e-23	2.478122142745547e-23
0.0577	-4.190674533637639e-23	2.2990261677553758e-23
0.057800000000000004	-4.5296019228457897e-23	2.2063611163659473e-23
0.0579	-4.945152259748567e-23	2.2167932494656207e-23
0.058	-5.415962001598692e-23	2.3437039080659508e-23
0.058100000000000006	-5.918602829642901e-23	2.5968295985650797e-23
0.0582	-6.428178036115999e-23	2.98198722332215e-23
0.058300000000000005	-6.918954236336413e-23	3.5008905401674703e-23
0.0584	-7.365014538727509e-23	4.151062000484361e-23
0.0585	-7.740918842264535e-23	4.9258420955192e-23
0.058600000000000006	-8.022356763151987e-23	5.814496275512473e-23
0.0587	-8.186778823993314e-23	6.802417437913958e-23
0.058800000000000005	-8.21399196688489e-23	7.871419951249155e-23
0.0589	-8.086706168378012e-23	9.000119231288227e-23
0.059000000000000004	-7.791019924967321e-23	1.0164389055647237e-22
0.0591	-7.316833623065401e-23	1.1337887129050548e-22
0.0592	-6.658181282573298e-23	1.2492637928407145e-22
0.059300000000000005	-5.81347283880827e-23	1.3599660594995658e-22
0.0594	-4.78564097030107e-23	1.4629628626481936e-22
0.059500000000000004	-3.582188453026725e-23	1.555354737537618e-22
0.0596	-2.2151340855204798e-23	1.6343434898736205e-22
0.0597	-7.008573426784511e-24	1.697299153668659e-22
0.059800000000000006	9.401559635877885e-24	1.7418243729028353e-22
0.0599	2.68366265402325e-23	1.7658148008341732e-22
0.060000000000000005	4.502099412349222e-23	1.767514182704711e-22
0.0601	6.365100018231536e-23	1.7455628871662567e-22
0.060200000000000004	8.240082593557602e-23	1.6990387771176433e-22
0.0603	1.0092895333832552e-22	1.6274894594078353e-22
0.0604	1.1888507881936944e-22	1.5309551221465963e-22
0.060500000000000005	1.3591734438678558e-22	1.4099813548894215e-22
0.0606	1.5167973916124372e-22	1.265621547085267e-22
0.060700000000000004	1.658395194285744e-22	1.0994286699692013e-22
0.0608	1.7808449336670138e-22	9.13436462414626e-23
0.0609	1.8813001775389383e-22	7.101302578714261e-23
0.061000000000000006	1.9572555820119947e-22	4.924079031020723e-23
0.0611	2.0066067170681625e-22	2.6353142572272885e-23
0.061200000000000004	2.027702804792242e-22	2.707030241695857e-24
0.0613	2.0193911883689127e-22	-2.131626408193126e-23
0.0614	1.981052503288502e-22	-4.53181504583665e-23
0.061500000000000006	1.9126256974611175e-22	-6.889024381730761e-23
0.0616	1.814622240781729e-22	-9.162221650231132e-23
0.061700000000000005	1.6881290734294635e-22	-1.1310983833143542e-22
0.0618	1.534800061823162e-22	-1.3296304577790797e-22
0.061900000000000004	1.3568359574574795e-22	-1.5081387937523813e-22
0.062	1.1569530824197428e-22	-1.6632412910560496e-22
0.0621	9.383411917777313e-23	-1.7919253134940624e-22
0.062200000000000005	7.046111827911081e-23	-1.8916136790706444e-22
0.0623	4.5973352968767406e-23	-1.960223275409961e-22
0.062400000000000004	2.0796851641091077e-23	-1.9962150325569155e-22
0.0625	-4.621048560869617e-24	-1.9986341391182723e-22
0.0626	-2.9819929552019454e-23	-1.9671395647841066e-22
0.0627	-5.433492314285653e-23	-1.9020221494086586e-22
0.06280000000000001	-7.770558255169099e-23	-1.804210732377231e-22
0.0629	-9.948482547985067e-23	-1.6752660219507136e-22
0.063	-1.1924777608721778e-22	-1.517362138407577e-22
0.0631	-1.3660033295404333e-22	-1.333256002654455e-22
0.0632	-1.5118729319603783e-22	-1.1262449790092154e-22
0.06330000000000001	-1.6269986928225593e-22	-9.001134125215006e-23
0.0634	-1.7088244469570693e-22	-6.590689229975635e-23
0.0635	-1.7553842721873788e-22	-4.076695255144922e-23
0.0636	-1.7653507410416639e-22	-1.5074283655853252e-23
0.0637	-1.7380718143851844e-22	1.067012077682171e-23
0.06380000000000001	-1.6735955029432055e-22	3.5956255312828457e-23
0.0639	-1.5726816443849295e-22	6.027464660003099e-23
0.064	-1.4368003800941743e-22	8.312604456442876e-23
0.0641	-1.2681171626157024e-22	1.0403107939440004e-22
0.06420000000000001	-1.0694643774615349e-22	1.2253970116148015e-22
0.06430000000000001	-8.44299916775124e-23	1.3824022071929543e-22
0.0644	-5.966532925097632e-23	1.5076777575236894e-22
0.0645	-3.310601185480269e-23	1.598120544452861e-22
0.0646	-5.2486019956999595e-24	1.6512412107845153e-22
0.06470000000000001	2.3375876106124452e-23	1.665222027359231e-22
0.0648	5.221126031068842e-23	1.6389631398164242e-22
0.0649	8.068619633796502e-23	1.5721161651746576e-22
0.065	1.0822452952302095e-22	1.4651043312523723e-22
0.0651	1.3425595605988302e-22	1.3191285921965152e-22
0.06520000000000001	1.5822674012500535e-22	1.1361594066722385e-22
0.0653	1.7961029966384105e-22	9.189141270071624e-23
0.0654	1.979174636288496e-22	6.708202130036184e-23
0.0655	2.1270620710570783e-22	3.959647483533021e-23
0.0656	2.235906780205442e-22	9.903099572078232e-24
0.06570000000000001	2.3024933988170654e-22	-2.1477702620242956e-23
0.0658	2.324320691073357e-22	-5.398207286827496e-23
0.0659	2.2996606269385514e-22	-8.701224752224072e-23
0.066	2.2276043200140962e-22	-1.199468825616436e-22
0.0661	2.1080938092736343e-22	-1.521519727142982e-22
0.06620000000000001	1.9419389131750734e-22	-1.8299217489004132e-22
0.0663	1.73081864695468e-22	-2.118423359379886e-22
0.0664	1.4772669680924686e-22	-2.3809901868815213e-22
0.0665	1.1846428961069988e-22	-2.6119181787393245e-22
0.0666	8.570853359368979e-23	-2.8059425892507157e-22
0.06670000000000001	4.9945321407352324e-23	-2.958340777766388e-22
0.0668	1.1725180822398953e-23	-3.065026886958235e-22
0.0669	-2.834535903733028e-23	-3.1226365955442457e-22
0.067	-6.961353025668655e-23	-3.128600297753834e-22
0.0671	-1.113910577669575e-22	-3.081203250983115e-22
0.06720000000000001	-1.5296568122896575e-22	-2.9796314502569887e-22
0.0673	-1.936132722465508e-22	-2.824002229598953e-22
0.0674	-2.3261033925195035e-22	-2.6153788520606933e-22
0.0675	-2.692467032566483e-22	-2.355768627446849e-22
0.06760000000000001	-3.0283812230131943e-22	-2.0481043848363532e-22
0.06770000000000001	-3.327386409906848e-22	-1.696209420780749e-22
0.0678	-3.5835244401967675e-22	-1.3047463383477467e-22
0.0679	-3.7914499907146667e-22	-8.791504817219922e-23
0.068	-3.94653284809341e-22	-4.2554895068923725e-23
0.06810000000000001	-4.0449491373878933e-22	4.933355604779151e-24
0.0682	-4.0837597726033173e-22	5.382805749436519e-23
0.0683	-4.060974609823652e-22	1.0336996747625299e-22
0.0684	-3.975601019718306e-22	1.5277463103312692e-22
0.0685	-3.827675856916583e-22	2.012453666239148e-22
0.06860000000000001	-3.6182800846417746e-22	2.47986629869081e-22
0.0687	-3.3495356092756942e-22	2.922175296080118e-22
0.0688	-3.024584186059124e-22	3.331852630524557e-22
0.0689	-2.647548568599636e-22	3.7017823647020077e-22
0.069	-2.2234763858076436e-22	4.0253864112850094e-22
0.06910000000000001	-1.7582675348488293e-22	4.296742615769851e-22
0.0692	-1.2585861722921197e-22	4.510693046533667e-22
0.0693	-7.317586626281165e-23	4.66294052680233e-22
0.0694	-1.856590987705025e-23	4.750131629487513e-22
0.0695	3.714157615758541e-23	4.769924574524534e-22
0.06960000000000001	9.308801008587282e-23	4.721040715802604e-22
0.0697	1.4839989801852722e-22	4.603298576895385e-22
0.0698	2.0220322758063858e-22	4.417629686981759e-22
0.0699	2.536380189705551e-22	4.1660757756362517e-22
0.07	3.018727863469609e-22	3.8517672023123514e-22
0.07010000000000001	3.4611866200632663e-22	3.47888281789175e-22
0.0702	3.856429396311036e-22	3.0525917760754813e-22
0.0703	4.197818009402728e-22	2.578978126083996e-22
0.0704	4.479520022432353e-22	2.0649493196432862e-22
0.07050000000000001	4.696613134995265e-22	1.518130049273376e-22
0.07060000000000001	4.845175222644537e-22	9.467430964535638e-23
0.0707	4.922358380341648e-22	3.594791026698845e-23
0.0708	4.926445586123744e-22	-2.3464262053952133e-23
0.0709	4.85688888771849e-22	-8.264199583154717e-23
0.07100000000000001	4.714328321970977e-22	-1.40661812173737e-22
0.0711	4.500591099535111e-22	-1.9661215358645106e-22
0.0712	4.218670919861283e-22	-2.496084935606257e-22
0.0713	3.872687618424804e-22	-2.988081114577323e-22
0.0714	3.4678276836267493e-22	-3.434242811819479e-22
0.07150000000000001	3.0102665091022945e-22	-3.8273963041537686e-22
0.0716	2.5070735626292327e-22	-4.1611843967701006e-22
0.0717	1.9661019499808637e-22	-4.430176669535842e-22
0.0718	1.3958641257367364e-22	-4.629965038795645e-22
0.0719	8.053957484594261e-23	-4.757242930867115e-22
0.07200000000000001	2.0410989044656807e-23	-4.809866630137033e-22
0.0721	-3.983560113233675e-23	-4.786897657233204e-22
0.0722	-9.922979395867671e-23	-4.68862534631595e-22
0.0723	-1.5681051982979326e-22	-4.516569119862283e-22
0.0724	-2.1164197621312755e-22	-4.273460298871291e-22
0.07250000000000001	-2.6282923989462783e-22	-3.9632036304722453e-22
0.0726	-3.0953329295080523e-22	-3.590819057642864e-22
0.0727	-3.5098520728756696e-22	-3.1623645913155025e-22
0.0728	-3.8649924535431555e-22	-2.6848414678396023e-22
0.0729	-4.154846515672071e-22	-2.166083079051841e-22
0.07300000000000001	-4.374559297896499e-22	-1.6146294428456068e-22
0.0731	-4.520414265850713e-22	-1.0395892342758708e-22
0.0732	-4.5899006747892075e-22	-4.504916165028665e-23
0.0733	-4.581761236914948e-22	1.428697065793598e-23
0.0734	-4.49601919230396e-22	7.305976515988568e-23
0.07350000000000001	-4.3339842232229925e-22	1.3028554663486055e-22
0.0736	-4.0982370034957824e-22	1.8500302696390173e-22
0.0737	-3.792592531485357e-22	2.3628936899919404e-22
0.0738	-3.4220427512319053e-22	2.8327569084526605e-22
0.07390000000000001	-2.9926793153112945e-22	3.25161749185873e-22
0.07400000000000001	-2.51159767915998e-22	3.612295528176515e-22
0.0741	-1.9867840342411462e-22	3.9085567430614216e-22
0.0742	-1.4269868810929368e-22	4.1352204839512045e-22
0.0743	-8.41575307983e-23	4.288250701419696e-22
0.07440000000000001	-2.4038627204289086e-23	4.36482833324475e-22
0.0745	3.664366266268504e-23	4.363403800160072e-22
0.0746	9.686102346864663e-23	4.283728648570374e-22
0.0747	1.5558820468304104e-22	4.126865719217193e-22
0.0748	2.118200702813243e-22	3.89517757618692e-22
0.07490000000000001	2.6458839477347338e-22	3.592293291836831e-22
0.075	3.129781253629293e-22	3.223054044151944e-22
0.0751	3.561428377826626e-22	2.7934383376920646e-22
0.0752	3.933191256706222e-22	2.3104680016939307e-22
0.0753	4.238396800448573e-22	1.7820964432935597e-22
0.07540000000000001	4.471448362536357e-22	1.217080934752641e-22
0.0755	4.627923903731139e-22	6.248409859099551e-23
0.0756	4.704655150053267e-22	1.5305092204757319e-24
0.0757	4.6997863533615075e-22	-6.012516495595505e-23
0.0758	4.612811596395498e-22	-1.214376404504497e-22
0.07590000000000001	4.444589936124281e-22	-1.8136111713497912e-22
0.076	4.197338044131668e-22	-2.388666220015636e-22
0.0761	3.8746003745203054e-22	-2.9295915279027246e-22
0.0762	3.481197262268912e-22	-3.4269433703389953e-22
0.0763	3.023151721930381e-22	-3.8719432907232232e-22
0.07640000000000001	2.5075960719010915e-22	-4.256626792190042e-22
0.0765	1.942659847284336e-22	-4.573979253369851e-22
0.0766	1.3373407789511606e-22	-4.818056773469355e-22
0.0767	7.013609024900913e-23	-4.984089893194798e-22
0.07680000000000001	4.501011350546115e-24	-5.068568414081351e-22
0.07690000000000001	-6.210202991043921e-23	-5.06930584508555e-22
0.077	-1.285811436351292e-22	-4.985482336841604e-22
0.0771	-1.9383950536443495e-22	-4.817665315343498e-22
0.0772	-2.567933388209802e-22	-4.567807392221424e-22
0.07730000000000001	-3.1638975959424593e-22	-4.2392215022126125e-22
0.07740000000000001	-3.716241857727061e-22	-3.8365335937232697e-22
0.0775	-4.2155702774037977e-22	-3.365613569330044e-22
0.0776	-4.653293803359655e-22	-2.8334855335297236e-22
0.0777	-5.021774561502523e-22	-2.248218749034242e-22
0.07780000000000001	-5.314455186657456e-22	-1.618801024690911e-22
0.0779	-5.525970979006028e-22	-9.549965523281857e-23
0.078	-5.652242988213821e-22	-2.671904715583826e-23
0.0781	-5.690550435875435e-22	4.3377733358115086e-23
0.0782	-5.639581221838988e-22	1.1367865180920691e-22
0.07830000000000001	-5.499459616382049e-22	1.8306158111427145e-22
0.0784	-5.271750612270264e-22	2.5041248802463057e-22
0.0785	-4.959440792331578e-22	3.146435555554495e-22
0.0786	-4.56689595305974e-22	3.747109447720719e-22
0.0787	-4.099796106580617e-22	4.296319043958778e-22
0.07880000000000001	-3.5650488557842072e-22	4.785009466113467e-22
0.0789	-2.9706824943939098e-22	5.2050482202424085e-22
0.079	-2.325720519303719e-22	5.549360457072913e-22
0.0791	-1.640039551109245e-22	5.812047493700016e-22
0.0792	-9.242129352590153e-23	5.9884866153137e-22
0.07930000000000001	-1.893425360578473e-23	6.075410477238475e-22
0.0794	5.531185651475722e-23	6.070964757242105e-22
0.0795	1.2915496012156543e-22	5.974743060554144e-22
0.0796	2.0143489051230851e-22	5.787798449582179e-22
0.07970000000000001	2.710120915928669e-22	5.512631350881947e-22
0.07980000000000001	3.367860359909927e-22	5.153153977301345e-22
0.0799	3.9771306015848556e-22	4.7146317870600855e-22
0.08	4.528233248193421e-22	4.2036028775458794e-22
0.0801	5.012366227968552e-22	3.627776573629842e-22
0.08020000000000001	5.421767745018727e-22	2.995912812361588e-22
0.08030000000000001	5.749843738936444e-22	2.3176842423701363e-22
0.0804	5.991276741722104e-22	1.6035232419403455e-22
0.0805	6.142114323993687e-22	8.644563098296242e-23
0.0806	6.199835651882584e-22	1.1192849329231251e-23
0.08070000000000001	6.16339503014644e-22	-6.42379315015461e-23
0.08080000000000001	6.033241680096331e-22	-1.3867372583660444e-22
0.0809	5.811315386857298e-22	-2.1095545494720713e-22
0.081	5.501018042960468e-22	-2.7995656062562025e-22
0.0811	5.107161507890222e-22	-3.446011265845581e-22
0.08120000000000001	4.635892589555184e-22	-4.0388121280484794e-22
0.0813	4.0945963273989426e-22	-4.568731203083122e-22
0.0814	3.4917791118794374e-22	-5.0275232081194645e-22
0.0815	2.8369335055078655e-22	-5.408068070529132e-22
0.0816	2.140386931113099e-22	-5.704486449190349e-22
0.08170000000000001	1.4131366585451707e-22	-5.912235374665412e-22
0.0818	6.666737472699313e-23	-6.028182429871522e-22
0.0819	-8.720121449625467e-24	-6.0506572397933015e-22
0.082	-8.365675963519497e-23	-5.979479406204863e-22
0.0821	-1.5695763714793342e-22	-5.815962405298335e-22
0.08220000000000001	-2.2746408162431035e-22	-5.56289335633777e-22
0.0823	-2.940623169933712e-22	-5.224488961610386e-22
0.0824	-3.557014223065209e-22	-4.806328305633011e-22
0.0825	-4.11410291417877e-22	-4.31526357846277e-22
0.0826	-4.603133174326909e-22	-3.7593101478944167e-22
0.08270000000000001	-5.0164454627503095e-22	-3.147517742420338e-22
0.0828	-5.347600683427505e-22	-2.4898248155640086e-22
0.0829	-5.591484456197646e-22	-1.796898437511046e-22
0.083	-5.744390033425356e-22	-1.0799622973427974e-22
0.08310000000000001	-5.8040784985528285e-22	-3.5061559471993025e-23
0.08320000000000001	-5.769815250759314e-22	3.793542496500219e-23
0.0833	-5.642382164343269e-22	1.098162032487851e-22
0.0834	-5.424065206106117e-22	1.794215269402187e-22
0.0835	-5.1186176925262505e-22	2.456301669862145e-22
0.08360000000000001	-4.731199764374741e-22	3.0737705429628416e-22
0.08370000000000001	-4.268295043193697e-22	3.6367051875423325e-22
0.0838	-3.737605805423713e-22	4.1360834644962695e-22
0.0839	-3.1479283598703597e-22	4.563923939101177e-22
0.084	-2.509010636934482e-22	4.913415213736507e-22
0.08410000000000001	-1.8313942883132846e-22	5.179026342836312e-22
0.08420000000000001	-1.1262438489752596e-22	5.356596527794569e-22
0.0843	-4.051657249727514e-23	5.443402624942089e-22
0.0844	3.199800623905917e-23	5.438203359161679e-22
0.0845	1.0372723261108765e-22	5.34125951337121e-22
0.08460000000000001	1.734922236934435e-22	5.154329753846489e-22
0.0847	2.401464781674306e-22	4.880642146838553e-22
0.0848	3.025945049162842e-22	4.524841816729352e-22
0.0849	3.598096318931468e-22	4.092915583643116e-22
0.085	4.108507059244086e-22	3.5920947926726283e-22
0.08510000000000001	4.548774119726771e-22	3.0307379015981614e-22
0.0852	4.911639626656836e-22	2.418194723392934e-22
0.0853	5.1911093523915255e-22	1.764654518548744e-22
0.0854	5.3825506301565175e-22	1.0809803954529296e-22
0.0855	5.482768216619751e-22	3.7853270040446685e-23
0.08560000000000001	5.4900568619686965e-22	-3.3101574127203386e-23
0.0857	5.404229724787896e-22	-1.0358695381140789e-22
0.0858	5.2266221607629595e-22	-1.7243027196769004e-22
0.0859	4.960070813754562e-22	-2.3848496833996375e-22
0.08600000000000001	4.608868338591537e-22	-3.0064920023904584e-22
0.08610000000000001	4.1786944805156602e-22	-3.578838061443201e-22
0.0862	3.6765246201331915e-22	-4.092292603993694e-22
0.0863	3.1105172587467477e-22	-4.538213435535056e-22
0.0864	2.4898822611049793e-22	-4.909052736603071e-22
0.08650000000000001	1.8247319853392734e-22	-5.1984806874585885e-22
0.08660000000000001	1.1259177080778505e-22	-5.401489392981494e-22
0.0867	4.048539919030765e-23	-5.51447541540926e-22
0.0868	-3.266661614476931e-23	-5.535299569219685e-22
0.0869	-1.0566623786351177e-22	-5.463323001037611e-22
0.08700000000000001	-1.7731611080013637e-22	-5.2994189619546e-22
0.08710000000000001	-2.4643897922760455e-22	-5.045960073839753e-22
0.0872	-3.118967874187829e-22	-4.706781288682121e-22
0.0873	-3.7260915393355522e-22	-4.28711913428323e-22
0.0874	-4.275709201804753e-22	-3.79352822430262e-22
0.08750000000000001	-4.758684887767392e-22	-3.2337763794954046e-22
0.0876	-5.166946868233626e-22	-2.6167200539813576e-22
0.0877	-5.493619131067215e-22	-1.952162079899609e-22
0.0878	-5.733133560431202e-22	-1.2506940306512748e-22
0.0879	-5.881321004492988e-22	-5.2352575243957166e-23
0.08800000000000001	-5.935479754393217e-22	2.1769517805247977e-23
0.0881	-5.894420323621651e-22	9.610711486545197e-23
0.0882	-5.75848580108381e-22	1.6946463222353252e-22
0.0883	-5.529547447048532e-22	2.4065994589877074e-22
0.0884	-5.210975602399691e-22	3.085434630434532e-22
0.08850000000000001	-4.807586381658034e-22	3.720166739484439e-22
0.0886	-4.325565012589388e-22	4.300498845310114e-22
0.0887	-3.7723670634989065e-22	4.816988424952255e-22
0.0888	-3.1565991573875854e-22	5.261199883197858e-22
0.0889	-2.487881104194218e-22	5.625840845525403e-22
0.08900000000000001	-1.7766916829818348e-22	5.904880032099712e-22
0.0891	-1.0342005702707888e-22	6.093644809660711e-22
0.0892	-2.7208913448134004e-23	6.188896847815433e-22
0.0893	4.9763700398952334e-23	6.188884661342752e-22
0.08940000000000001	1.2628406150876266e-22	6.093372194882543e-22
0.08950000000000001	2.011447588640252e-22	5.903642994704213e-22
0.0896	2.7316406033235485e-22	5.622479907823224e-22
0.0897	3.4120486057409367e-22	5.254120645122984e-22
0.0898	4.0419290395489377e-22	4.804189935904395e-22
0.08990000000000001	4.611339883453526e-22	4.279609380072206e-22
0.09000000000000001	5.111298723457145e-22	3.6884864648322e-22
0.0901	5.533926296252554e-22	3.039984549452384e-22
0.0902	5.87257219366185e-22	2.3441759288780894e-22
0.0903	6.121920708378626e-22	1.6118803598069728e-22
0.09040000000000001	6.278075124254918e-22	8.544916667963374e-23
0.09050000000000001	6.338619104704303e-22	8.379523732070016e-24
0.0906	6.30265420476372e-22	-6.882206396727348e-23
0.0907	6.170812919907612e-22	-1.4495565395946096e-22
0.0908	5.945247081523432e-22	-2.1883936723576704e-22
0.09090000000000001	5.629591808582364e-22	-2.8932825591752915e-22
0.091	5.228905620968409e-22	-3.553325571062032e-22
0.0911	4.749587705724293e-22	-4.1583503862002746e-22
0.0912	4.1992736968687356e-22	-4.699071573158478e-22
0.0913	3.5867116764290195e-22	-5.167237702018316e-22
0.09140000000000001	2.9216204232943396e-22	-5.55576162256696e-22
0.0915	2.214532222254005e-22	-5.858831823957737e-22
0.0916	1.4766227935126526e-22	-6.072003099128293e-22
0.0917	7.195311090733906e-23	-6.192265074730144e-22
0.0918	-4.4827976684951005e-24	-6.218087527858515e-22
0.09190000000000001	-8.044552417035505e-23	-6.149441788579203e-22
0.092	-1.5474596520266205e-22	-5.987797915973351e-22
0.0921	-2.2622488413586146e-22	-5.736097728813963e-22
0.0922	-2.9377144346650234e-22	-5.398704163643391e-22
0.09230000000000001	-3.5634092237160957e-22	-4.981327816556027e-22
0.09240000000000001	-4.12971333866582e-22	-4.490931894168343e-22
0.0925	-4.627986742265972e-22	-3.9356171480731686e-22
0.0926	-5.050705599102522e-22	-3.324488689862979e-22
0.0927	-5.391580337588277e-22	-2.6675068753375646e-22
0.09280000000000001	-5.645653522993035e-22	-1.9753247020537295e-22
0.09290000000000001	-5.809375990589376e-22	-1.2591143798110185e-22
0.093	-5.880660043621468e-22	-5.303859055225753e-23
0.0931	-5.85890889543416e-22	1.9919940056462312e-23
0.0932	-5.745021922595232e-22	9.180173631460343e-23
0.09330000000000001	-5.541375689870198e-22	1.614668362832491e-22
0.09340000000000001	-5.251781102025715e-22	2.2781606502917747e-22
0.0935	-4.881417425211672e-22	2.8980865958202595e-22
0.0936	-4.436744295780179e-22	3.4647890266579053e-22
0.0937	-3.925393190732045e-22	3.9695149706702933e-22
0.09380000000000001	-3.356040165737431e-22	4.404554334809351e-22
0.09390000000000001	-2.7382619684780086e-22	4.763361296540802e-22
0.094	-2.082377901998998e-22	5.040656472069878e-22
0.0941	-1.3992800405319119e-22	5.232508241979644e-22
0.0942	-7.002545851839299e-23	5.336391957601326e-22
0.09430000000000001	3.202713988380606e-25	5.351226114427086e-22
0.0944	6.995740518926404e-23	5.277384956181153e-22
0.0945	1.3775069190035457e-22	5.116687358596877e-22
0.0946	2.0259982577380002e-22	4.872362229185735e-22
0.0947	2.6345724319073003e-22	4.548991041986957e-22
0.09480000000000001	3.1934501235777927e-22	4.152428498198397e-22
0.0949	3.6937054256909037e-22	3.6897026586341044e-22
0.095	4.1274085971991125e-22	3.168896226343217e-22
0.0951	4.487752186947931e-22	2.5990109620523627e-22
0.0952	4.769158509095168e-22	1.989817486409212e-22
0.09530000000000001	4.967366761901571e-22	1.3516929569232078e-22
0.0954	5.0794984181414085e-22	6.954493002433771e-23
0.0955	5.104099873602753e-22	3.2154828886575862e-24
0.0956	5.041161714260098e-22	-6.270478266188707e-23
0.09570000000000001	4.892114346544993e-22	-1.2711244855838105e-22
0.09580000000000001	4.659800122394171e-22	-1.8893298957926138e-22
0.0959	4.348422475057858e-22	-2.4713829781054927e-22
0.096	3.963472956698081e-22	-3.00763398478585e-22
0.0961	3.5116374284548566e-22	-3.4892208584673454e-22
0.09620000000000001	3.000682992024054e-22	-3.908212262040465e-22
0.09630000000000001	2.439327563360355e-22	-4.257734974208716e-22
0.0964	1.8370942688123612e-22	-4.532083607284675e-22
0.0965	1.2041530872824795e-22	-4.726810898577546e-22
0.0966	5.511523649534409e-23	-4.838797149557158e-22
0.09670000000000001	-1.1095701153316636e-23	-4.866297732501203e-22
0.09680000000000001	-7.711018843456286e-23	-4.808967946802871e-22
0.0969	-1.4182685717665276e-22	-4.667864880539196e-22
0.097	-2.041683112693983e-22	-4.4454263111010975e-22
0.0971	-2.630987060115982e-22	-4.1454270554245613e-22
0.09720000000000001	-3.176405956360861e-22	-3.772913549432809e-22
0.09730000000000001	-3.6689077509155557e-22	-3.334117791635824e-22
0.0974	-4.1003485943462765e-22	-2.836352121606041e-22
0.0975	-4.463603656404081e-22	-2.28788661476153e-22
0.0976	-4.752680869112828e-22	-1.6978111554733553e-22
0.09770000000000001	-4.962815782266899e-22	-1.075884496404882e-22
0.0978	-5.090546034494096e-22	-4.323728192107694e-23
0.0979	-5.13376428258414e-22	2.2211952305781228e-23
0.098	-5.0917487894802e-22	8.768242809109723e-23
0.0981	-4.9651712412219965e-22	1.5209857257450017e-22
0.09820000000000001	-4.756081739068164e-22	2.1440363081017527e-22
0.0983	-4.467871288782023e-22	2.735768676937994e-22
0.0984	-4.1052124784194926e-22	3.286501248964575e-22
0.0985	-3.673979392816564e-22	3.7872346323014008e-22
0.09860000000000001	-3.181148151456671e-22	4.2297963680660457e-22
0.09870000000000001	-2.6346797709494487e-22	4.606971654306914e-22
0.0988	-2.0433873388240097e-22	4.912617955470643e-22
0.0989	-1.4167897370780597e-22	5.141761673298737e-22
0.099	-7.649543678450608e-23	5.2906753570628575e-22
0.09910000000000001	-9.833150620517877e-24	5.356934257278469e-22
0.09920000000000001	5.72416966176939e-23	5.339451372000208e-22
0.0993	1.2365916102631073e-22	5.238490492719287e-22
0.0994	1.8836293899971986e-22	5.055657121768282e-22
0.0995	2.5032746844104794e-22	4.79386749890842e-22
0.09960000000000001	3.0857445517616098e-22	4.457296335344484e-22
0.09970000000000001	3.621885551879294e-22	4.051304202802431e-22
0.0998	4.1033195830763447e-22	3.5823458577358393e-22
0.0999	4.522576381879554e-22	3.057861090712803e-22
0.1	4.873210564027838e-22	2.486149973495758e-22
0.10010000000000001	5.149901349794274e-22	1.8762346266262717e-22
0.10020000000000001	5.348533411135839e-22	1.237709844420968e-22
0.1003	5.46625759748041e-22	5.805850886973711e-23
0.1004	5.501530635691137e-22	-8.487950547412802e-24
0.1005	5.454133252194803e-22	-7.483403812254184e-23
0.10060000000000001	5.325166525480288e-22	-1.3995382961316939e-22
0.10070000000000001	5.117026639118927e-22	-2.0284637754944544e-22
0.1008	4.833358563070751e-22	-2.6255175657170233e-22
0.1009	4.478989538351032e-22	-3.1816634666881837e-22
0.101	4.0598435713632492e-22	-3.688571061274816e-22
0.10110000000000001	3.582838453867202e-22	-4.1387460400291924e-22
0.1012	3.055767107536148e-22	-4.525646036869523e-22
0.1013	2.487165303721602e-22	-4.843780142998108e-22
0.1014	1.8861680252869612e-22	-5.088790547330867e-22
0.1015	1.2623569146926693e-22	-5.257515057391226e-22
0.10160000000000001	6.256013881093299e-23	-5.348029579727155e-22
0.1017	-1.4103912934732836e-24	-5.359669977912537e-22
0.1018	-6.46802614337071e-23	-5.293033073319319e-22
0.1019	-1.2627383278881392e-22	-5.149956903226995e-22
0.10200000000000001	-1.8525119215891977e-22	-4.933480696573244e-22
0.10210000000000001	-2.407231757579701e-22	-4.647785363930479e-22
0.1022	-2.918654445994333e-22	-4.298115619489807e-22
0.1023	-3.3793138361834225e-22	-3.8906851535879917e-22
0.1024	-3.782636177282263e-22	-3.4325665496384287e-22
0.10250000000000001	-4.12303962438804e-22	-2.931567884681397e-22
0.10260000000000001	-4.396016540304858e-22	-2.3960981641400377e-22
0.1027	-4.598197341182686e-22	-1.835023915336682e-22
0.1028	-4.727394952235871e-22	-1.257519398115062e-22
0.1029	-4.782629271601744e-22	-6.729129824485601e-23
0.10300000000000001	-4.764131380589298e-22	-9.053229084448047e-24
0.10310000000000001	-4.673327581258989e-22	4.804492929232936e-23
0.1032	-4.512803681632465e-22	1.0311621875533119e-22
0.1033	-4.286250279099075e-22	1.5531837727167444e-22
0.1034	-3.998390108192417e-22	2.038672789599635e-22
0.10350000000000001	-3.654888814550178e-22	2.480492794947725e-22
0.10360000000000001	-3.2622507876105747e-22	2.8723226804177635e-22
0.1037	-2.827701925948032e-22	3.208752501956224e-22
0.1038	-2.359061417137717e-22	3.4853631252680936e-22
0.1039	-1.864604785297409e-22	3.698788478575938e-22
0.10400000000000001	-1.3529205912360742e-22	3.84675950781709e-22
0.1041	-8.327632604207e-23	3.9281292468600954e-22
0.1042	-3.1290456141285357e-23	3.942878740744209e-22
0.1043	1.9801373852681594e-23	3.892103887719778e-22
0.1044	6.91623553167139e-23	3.7779835903635944e-22
0.10450000000000001	1.1599680863735162e-22	3.603729921697844e-22
0.1046	1.595631086700079e-22	3.373521313682727e-22
0.1047	1.991855624212898e-22	3.0924200575694304e-22
0.1048	2.3426504621064172e-22	2.7662756636504363e-22
0.10490000000000001	2.642882323304743e-22	2.401615857612264e-22
0.10500000000000001	2.88835260749973e-22	2.005527188196575e-22
0.1051	3.075857392417032e-22	1.5855273829779342e-22
0.1052	3.2032298495454463e-22	1.149431713193389e-22
0.1053	3.2693645138858205e-22	7.052157127880244e-23
0.10540000000000001	3.2742231640287637e-22	2.6087663995593212e-23
0.10550000000000001	3.218822387512475e-22	-1.75703929020284e-23
0.1056	3.105203221405462e-22	-5.968940236797555e-23
0.1057	2.9363835639456686e-22	-9.95439451342963e-23
0.1058	2.7162943445891937e-22	-1.3645840664281794e-22
0.10590000000000001	2.4497007119915626e-22	-1.6981801418690576e-22
0.10600000000000001	2.1421097476441125e-22	-1.9907870362926435e-22
0.1061	1.7996664329453584e-22	-2.2377565694934854e-22
0.1062	1.4290397857445006e-22	-2.4353037635528933e-22
0.1063	1.0373012357684321e-22	-2.5805618732485885e-22
0.10640000000000001	6.31797424395821e-23	-2.671620912361743e-22
0.10650000000000001	2.2001969117895984e-23	-2.707549177052931e-22
0.1066	-1.9052745372982648e-23	-2.6883975683844053e-22
0.1067	-5.924565758904859e-23	-2.615186817989305e-22
0.1068	-9.786240302718631e-23	-2.4898780185086797e-22
0.10690000000000001	-1.3422509741211784e-22	-2.315327148521056e-22
0.10700000000000001	-1.6770366313338756e-22	-2.0952245552684558e-22
0.1071	-1.9772619161896022e-22	-1.8340206128107113e-22
0.1072	-2.237881711857657e-22	-1.5368390039588666e-22
0.1073	-2.4546043150496147e-22	-1.2093792775449517e-22
0.10740000000000001	-2.62395679858713e-22	-8.578105048730156e-23
0.1075	-2.7433353039980883e-22	-4.886579977476806e-23
0.1076	-2.8110395517924183e-22	-1.0868515307753655e-23
0.1077	-2.826291142780498e-22	2.7522744585030374e-23
0.1078	-2.789235514518459e-22	6.562035146048797e-23
0.10790000000000001	-2.7009277074749935e-22	1.0274909943695514e-22
0.108	-2.5633023806303627e-22	1.382578325121691e-22
0.1081	-2.379128790884175e-22	1.7153050568812368e-22
0.1082	-2.1519517100327563e-22	2.0199649124386934e-22
0.10830000000000001	-1.886019492648882e-22	2.291399569307852e-22
0.10840000000000001	-1.5862007238175764e-22	2.5250816125106595e-22
0.1085	-1.257891063667713e-22	2.717185319661427e-22
0.1086	-9.069120628271531e-23	2.8646441716884123e-22
0.1087	-5.394038467446622e-23	2.965194232048137e-22
0.10880000000000001	-1.6171365529086128e-23	3.0174027998180183e-22
0.10890000000000001	2.1971772411982638e-23	3.020682012731776e-22
0.109	5.984695771056952e-23	2.975287350095032e-22
0.1091	9.682529065023055e-23	2.882301257586984e-22
0.1092	1.3230181292696542e-22	2.743602381300868e-22
0.10930000000000001	1.6570569495728339e-22	2.561821152230514e-22
0.10940000000000001	1.9650966589299089e-22	2.340282700251183e-22
0.1095	2.2423852722803904e-22	2.0829382942666395e-22
0.1096	2.4847660941422437e-22	1.7942866988022977e-22
0.1097	2.6887405180820535e-22	1.4792870035806776e-22
0.10980000000000001	2.851518091481131e-22	1.1432646187083e-22
0.10990000000000001	2.971053121672836e-22	7.918122317994281e-23
0.11	3.0460673543326593e-22	4.3068759303651524e-23
0.1101	3.0760585157392457e-22	6.571002883462565e-24
0.1102	3.061294772331324e-22	-2.9734241589954665e-23
0.11030000000000001	3.00279541901433e-22	-6.528333426105911e-23
0.11040000000000001	2.902298357184373e-22	-9.953640764800909e-23
0.1105	2.7622151598827533e-22	-1.3198637639889838e-22
0.1106	2.58557474059967e-22	-1.621671930758235e-22
0.1107	2.375956840087922e-22	-1.8966120997766193e-22
0.11080000000000001	2.137416718629081e-22	-2.141055254445023e-22
0.1109	1.8744025865060327e-22	-2.3519721358453467e-22
0.111	1.591667420505785e-22	-2.5269735852629285e-22
0.1111	1.2941768972163542e-22	-2.66433837695843e-22
0.11120000000000001	9.870152234260994e-23	-2.7630282279903473e-22
0.11130000000000001	6.7529065943889e-23	-2.8226899169295527e-22
0.1114	3.64042512602713e-23	-2.843644686927282e-22
0.1115	5.815132645708241e-24	-2.8268653462222703e-22
0.1116	-2.3774609308772136e-23	-2.7739417063589083e-22
0.11170000000000001	-5.19335287344319e-23	-2.6870352109255707e-22
0.11180000000000001	-7.826950050312208e-23	-2.5688238016080944e-22
0.1119	-1.024359094724786e-22	-2.4224382402616785e-22
0.112	-1.2413683995839376e-22	-2.2513912524522663e-22
0.1121	-1.4313118303479645e-22	-2.059500976925342e-22
0.11220000000000001	-1.5923560121999517e-22	-1.8508102946860329e-22
0.11230000000000001	-1.7232631299406824e-22	-1.62950366936837e-22
0.1124	-1.8233968295686207e-22	-1.399823156482606e-22
0.1125	-1.8927162682750717e-22	-1.1659852327280416e-22
0.1126	-1.9317586345284957e-22	-9.321000582421201e-23
0.11270000000000001	-1.941610680945027e-22	-7.02094715418583e-23
0.11280000000000001	-1.9238700208151677e-22	-4.796418693692563e-23
0.1129	-1.8805971305515568e-22	-2.6809516936027066e-23
0.113	-1.8142591713562765e-22	-7.043256029008434e-24
0.1131	-1.727666890911731e-22	1.1079149839798928e-23
0.11320000000000001	-1.6239059871822848e-22	2.7348409855204485e-23
0.11330000000000001	-1.5062644093076916e-22	4.160416297162651e-23
0.1134	-1.3781571334649495e-22	5.373668155419171e-23
0.1135	-1.2430499834615078e-22	6.368748689768231e-23
0.1136	-1.1043840662936862e-22	7.144888157168924e-23
0.11370000000000001	-9.655023621686469e-23	7.706242531403632e-23
0.11380000000000001	-8.295799473654412e-23	8.06164022441907e-23
0.1139	-6.995592382060678e-23	8.224234708344872e-23
0.114	-5.78091527289478e-23	8.211071646326635e-23
0.11410000000000001	-4.6748594149426737e-23	8.042580792257443e-23
0.11420000000000001	-3.6966678803984235e-23	7.742004352326371e-23
0.1143	-2.861400734717555e-23	7.334774687891672e-23
0.1144	-2.1796978451944892e-23	6.847855157315327e-23
0.1145	-1.6576431333898298e-23	6.309058527278492e-23
0.11460000000000001	-1.2967319687104281e-23	5.746357720597968e-23
0.11470000000000001	-1.093941251941786e-23	5.187203702464563e-23
0.1148	-1.0418996113903837e-23	4.657865041069672e-23
0.1149	-1.1291530729417063e-23	4.182803118476698e-23
0.115	-1.340519609808182e-23	3.7840961258094165e-23
0.11510000000000001	-1.6575241668089202e-23	3.48092387142513e-23
0.11520000000000001	-2.0589041235018344e-23	3.2891240848941056e-23
0.1153	-2.5211737424963435e-23	3.220829341252721e-23
0.1154	-3.0192349716440275e-23	3.2841919911761906e-23
0.1155	-3.527021054495933e-23	3.4832025989983206e-23
0.11560000000000001	-4.01815877014201e-23	3.8176054002583976e-23
0.11570000000000001	-4.4666347833522376e-23	4.282912234083796e-23
0.1158	-4.8474515450432486e-23	4.870514324873496e-23
0.1159	-5.1372584417307364e-23	5.56788922450685e-23
0.116	-5.314944445062218e-23	6.358898222316313e-23
0.11610000000000001	-5.362179347184148e-23	7.224167625776646e-23