0	Indeterminate	1.511329423021774e-11
400	1.5349492399558013e-11	1.5112193872725858e-11
800	1.5345964475198447e-11	1.5108892984350235e-11
1200	1.5340085384270466e-11	1.5103392117347675e-11
1600	1.5331856301003036e-11	1.509569219200201e-11
2000	1.532127886876089e-11	1.5085794496407883e-11
2400	1.5308355199369065e-11	1.5073700686168167e-11
2800	1.5293087872464542e-11	1.5059412784005107e-11
3200	1.5275479934579736e-11	1.5042933179285362e-11
3600	1.525553489799081e-11	1.502426462745907e-11
4000	1.5233256739531225e-11	1.50034102494132e-11
4400	1.520864989921628e-11	1.4980373530739374e-11
4800	1.5181719278582766e-11	1.4955158320916466e-11
5200	1.5152470239045825e-11	1.4927768832408256e-11
5600	1.5120908599979142e-11	1.4898209639676463e-11
6000	1.5087040636672753e-11	1.4866485678109537e-11
6400	1.50508730781544e-11	1.4832602242867593e-11
6800	1.501241310476676e-11	1.47965649876439e-11
7200	1.4971668345731357e-11	1.4758379923343377e-11
7600	1.4928646876433952e-11	1.4718053416678584e-11
8000	1.4883357215611652e-11	1.4675592188683733e-11
8400	1.4835808322429598e-11	1.463100331314721e-11
8800	1.478600959330916e-11	1.4584294214963245e-11
9200	1.473397085871452e-11	1.4535472668403266e-11
9600	1.467970237974512e-11	1.4484546795307604e-11
10000	1.462321484456676e-11	1.4431525063198203e-11
10400	1.456451936478637e-11	1.4376416283312977e-11
10800	1.4503627471552815e-11	1.4319229608562586e-11
11200	1.4440551111742999e-11	1.4259974531410322e-11
11600	1.4375302643715939e-11	1.4198660881675895e-11
12000	1.430789483326644e-11	1.4135298824263903e-11
12400	1.4238340849144945e-11	1.4069898856817803e-11
12800	1.41666542587095e-11	1.4002471807300225e-11
13200	1.409284902330917e-11	1.3933028831500517e-11
13600	1.4016939493585505e-11	1.3861581410470397e-11
14000	1.3938940404683131e-11	1.3788141347888615e-11
14400	1.3858866871311418e-11	1.371272076735564e-11
14800	1.3776734382695694e-11	1.3635332109619233e-11
15200	1.3692558797514292e-11	1.3555988129731993e-11
15600	1.3606356338585493e-11	1.347470189414184e-11
16000	1.3518143587608337e-11	1.3391486777716472e-11
16400	1.3427937479643632e-11	1.3306356460702866e-11
16800	1.3335755297693163e-11	1.3219324925622918e-11
17200	1.3241614666977933e-11	1.3130406454106263e-11
17600	1.3145533549358091e-11	1.3039615623661486e-11
18000	1.3047530237467959e-11	1.2946967304386752e-11
18400	1.2947623348861303e-11	1.285247665562114e-11
18800	1.2845831820144117e-11	1.2756159122537729e-11
19200	1.2742174900913469e-11	1.2658030432679756e-11
19600	1.263667214768229e-11	1.2558106592440953e-11
20000	1.2529343417772502e-11	1.2456403883491355e-11
20400	1.2420208863080842e-11	1.2352938859149837e-11
20800	1.2309288923827743e-11	1.2247728340704568e-11
21200	1.2196604322286585e-11	1.2140789413682745e-11
21600	1.2082176056343643e-11	1.2032139424070862e-11
22000	1.1966025393126006e-11	1.192179597448679e-11
22400	1.184817386258849e-11	1.1809776920305057e-11
22800	1.1728643250902467e-11	1.1696100365736604e-11
23200	1.1607455594054892e-11	1.158078465986437e-11
23600	1.1484633171164076e-11	1.146384839263611e-11
24000	1.1360198497963161e-11	1.1345310390815732e-11
24400	1.1234174320148403e-11	1.1225189713894602e-11
24800	1.1106583606697037e-11	1.1103505649964173e-11
25200	1.0977449543266047e-11	1.0980277711551328e-11
25600	1.0846795525443328e-11	1.0855525631417858e-11
26000	1.071464515208308e-11	1.0729269358325501e-11
26400	1.058102221862137e-11	1.0601529052767885e-11
26800	1.0445950710298766e-11	1.0472325082670915e-11
27200	1.0309454795489001e-11	1.0341678019062939e-11
27600	1.0171558818970414e-11	1.0209608631716189e-11
28000	1.0032287295228286e-11	1.0076137884760894e-11
28400	9.891664901686934e-12	9.94128693227354e-12
28800	9.749716472107752e-12	9.805077113840723e-12
29200	9.606466989802806e-12	9.66752995010001e-12
29600	9.46194158103407e-12	9.528667138259311e-12
30000	9.316165508323858e-12	9.388510547596181e-12
30400	9.169164163844693e-12	9.247082214938503e-12
30800	9.020963062792217e-12	9.104404340128027e-12
31200	8.87158783682037e-12	8.96049928146819e-12
31600	8.721064227473289e-12	8.815389551157695e-12
32000	8.569418079697108e-12	8.669097810711285e-12
32400	8.41667533530859e-12	8.521646866369126e-12
32800	8.262862026610287e-12	8.373059664496319e-12
33200	8.1080042699076e-12	8.22335928697387e-12
33600	7.952128259218845e-12	8.072568946582666e-12
34000	7.79526025991117e-12	7.920711982381792e-12
34400	7.637426602459457e-12	7.767811855082653e-12
34800	7.47865367617074e-12	7.613892142420322e-12
35200	7.31896792307954e-12	7.45897653452349e-12
35600	7.1583958317895e-12	7.303088829284444e-12
36000	6.996963931417363e-12	7.146252927730448e-12
36400	6.834698785598755e-12	6.9884928293979285e-12
36800	6.671626986532789e-12	6.829832627710804e-12
37200	6.507775149122536e-12	6.6702965053643515e-12
37600	6.343169905121122e-12	6.5099087297159345e-12
38000	6.177837897403345e-12	6.348693648183962e-12
38400	6.011805774275207e-12	6.1866756836563744e-12
38800	5.845100183841736e-12	6.0238793299099745e-12
39200	5.677747768483949e-12	5.860329147041937e-12
39600	5.50977515935232e-12	5.69604975691474e-12
40000	5.34120897097569e-12	5.531065838615815e-12
40400	5.1720757959327395e-12	5.365402123933183e-12
40800	5.002402199592691e-12	5.199083392848281e-12
41200	4.832214714940297e-12	5.032134469047253e-12
41600	4.6615398374601974e-12	4.864580215451884e-12
42000	4.490404020137594e-12	4.696445529771374e-12
42400	4.31883366848723e-12	4.5277553400761456e-12
42800	4.146855135714864e-12	4.3585346003948364e-12
43200	3.974494717923551e-12	4.18880828633558e-12
43600	3.801778649408902e-12	4.0186013907327675e-12
44000	3.628733098063805e-12	3.8479389193203364e-12
44400	3.455384160812377e-12	3.67684588643268e-12
44800	3.2817578591955426e-12	3.5053473107342584e-12
45200	3.107880134981859e-12	3.3334682109789317e-12
45600	2.9337768458964243e-12	3.1612336018000515e-12
46000	2.7594737614344515e-12	2.9886684895323024e-12
46400	2.5849965587360992e-12	2.8157978680662754e-12
46800	2.410370818583386e-12	2.642646714736727e-12
47200	2.235622021450271e-12	2.469239986245475e-12
47600	2.0607755436599925e-12	2.2956026146197965e-12
48000	1.885856653623344e-12	2.121759503207288e-12
48400	1.71089050815924e-12	1.9477355227079817e-12
48800	1.5359021489092119e-12	1.7735555072446142e-12
49200	1.3609164988354394e-12	1.5992442504718342e-12
49600	1.185958358800794e-12	1.424826501725152e-12
50000	1.0110524042441682e-12	1.250326962210409e-12
50400	8.362231819357738e-13	1.0757702812345008e-12
50800	6.614951068206047e-13	9.011810524780805e-13
51200	4.868924589468307e-13	7.265838103109352e-13
51600	3.124393804807915e-13	5.520030261507205e-13
52000	1.3815987280605935e-13	3.774631048656579e-13
52400	-3.5922206293431727e-14	2.0298838122186864e-13
52800	-2.097831453640329e-13	2.8603116375900444e-14
53200	-3.8339938193052363e-13	-1.4566850558697457e-13
53600	-5.567475050635849e-13	-3.198023810681461e-13
54000	-7.298042578605634e-13	-4.937744903242227e-13
54400	-9.025465398442704e-13	-6.675609007882695e-13
54800	-1.0749514092861814e-12	-8.411377703432611e-13
55200	-1.2469960854445416e-12	-1.014481350547316e-12
55600	-1.4186579507229908e-12	-1.1875679898102997e-12
56000	-1.5899145527482983e-12	-1.3603741365213988e-12
56400	-1.7607436063741198e-12	-1.53287634212735e-12
56800	-1.93112299560629e-12	-1.705051264160932e-12
57200	-2.1010307754504144e-12	-1.8768756692194627e-12
57600	-2.2704451736807313e-12	-2.0483264358930005e-12
58000	-2.4393445925368237e-12	-2.219380557642006e-12
58400	-2.6077076103521704e-12	-2.390015145624233e-12
58800	-2.77551298309955e-12	-2.5602074314706484e-12
59200	-2.942739645866934e-12	-2.729934770010212e-12
59600	-3.1093667142709895e-12	-2.8991746419433666e-12
60000	-3.275373485784847e-12	-3.067904656464116e-12
60400	-3.4407394410183576e-12	-3.23610255383058e-12
60800	-3.6054442449038776e-12	-3.403746207884003e-12
61200	-3.769467747844522e-12	-3.5708136285161132e-12
61600	-3.932789986764489e-12	-3.737282964084844e-12
62000	-4.095391186121269e-12	-3.903132503778429e-12
62400	-4.257251758852649e-12	-4.068340679927887e-12
62800	-4.418352307227256e-12	-4.232886070267957e-12
63200	-4.578673623687868e-12	-4.396747400146571e-12
63600	-4.738196691594863e-12	-4.559903544682956e-12
64000	-4.896902685916553e-12	-4.722333530874511e-12
64400	-5.05477297387082e-12	-4.8840165396526075e-12
64800	-5.211789115510999e-12	-5.044931907887461e-12
65200	-5.367932864254816e-12	-5.205059130342341e-12
65600	-5.523186167335302e-12	-5.3643778615772685e-12
66000	-5.677531166246469e-12	-5.522867917802495e-12
66400	-5.8309501970795266e-12	-5.680509278682008e-12
66800	-5.9834257908728456e-12	-5.837282089087376e-12
67200	-6.134940673855104e-12	-5.993166660802224e-12
67600	-6.285477767655533e-12	-6.148143474177673e-12
68000	-6.435020189513195e-12	-6.302193179739128e-12
68400	-6.583551252345793e-12	-6.4552965997447625e-12
68800	-6.731054464882805e-12	-6.607434729696074e-12
69200	-6.877513531658261e-12	-6.758588739801019e-12
69600	-7.022912353048489e-12	-6.908739976390035e-12
70000	-7.167235025185187e-12	-7.057869963285511e-12
70400	-7.310465839899833e-12	-7.2059604031251234e-12
70800	-7.45258928455765e-12	-7.352993178639542e-12
71200	-7.593590041952076e-12	-7.498950353885026e-12
71600	-7.733452990058929e-12	-7.643814175431432e-12
72000	-7.872163201819847e-12	-7.787567073506159e-12
72400	-8.009705944876981e-12	-7.930191663094637e-12
72800	-8.146066681253666e-12	-8.071670744997868e-12
73200	-8.281231067057021e-12	-8.211987306847694e-12
73600	-8.415184952060585e-12	-8.351124524080315e-12
74000	-8.547914379382393e-12	-8.489065760868746e-12
74400	-8.679405584998686e-12	-8.625794571014813e-12
74800	-8.809644997335175e-12	-8.761294698801356e-12
75200	-8.938619236783445e-12	-8.895550079805256e-12
75600	-9.06631511519532e-12	-9.02854484167206e-12
76000	-9.192719635375491e-12	-9.160263304852756e-12
76400	-9.317819990519298e-12	-9.290689983303536e-12
76800	-9.441603563662185e-12	-9.419809585149122e-12
77200	-9.56405792711052e-12	-9.547607013310512e-12
77600	-9.685170841766314e-12	-9.674067366097729e-12
78000	-9.80493025659402e-12	-9.799175937768439e-12
78400	-9.923324307902539e-12	-9.922918219053122e-12
78800	-1.0040341318754811e-11	-1.0045279897647553e-11
79200	-1.0155969798236118e-11	-1.0166246858673358e-11
79600	-1.0270198440792228e-11	-1.0285805185107453e-11
80000	-1.0383016125559009e-11	-1.0403941158181082e-11
80400	-1.0494411915579247e-11	-1.0520641257749283e-11
80800	-1.0604375057163536e-11	-1.0635892162631536e-11
81200	-1.0712894979073982e-11	-1.0749680750924434e-11
81600	-1.0819961291850962e-11	-1.0861994100287112e-11
82000	-1.0925563787018993e-11	-1.0972819488200278e-11
82400	-1.1029692436345977e-11	-1.108214439219963e-11
82800	-1.1132337391065136e-11	-1.1189956490084489e-11
83200	-1.1233488981122611e-11	-1.1296243660102412e-11
83600	-1.1333137714362033e-11	-1.1400993981110637e-11
84000	-1.143127427580609e-11	-1.1504195732715154e-11
84400	-1.1527889526819793e-11	-1.1605837395388207e-11
84800	-1.1622974504328096e-11	-1.170590765056501e-11
85200	-1.1716520420079461e-11	-1.1804395380720586e-11
85600	-1.1808518659769974e-11	-1.19012896694274e-11
86000	-1.1898960782357968e-11	-1.1996579801394685e-11
86400	-1.1987838519201355e-11	-1.2090255262490234e-11
86800	-1.2075143773288837e-11	-1.2182305739745453e-11
87200	-1.2160868618454768e-11	-1.2272721121344487e-11
87600	-1.2245005298661275e-11	-1.2361491496598179e-11
88000	-1.2327546227089257e-11	-1.244860715590369e-11
88400	-1.2408483985494434e-11	-1.2534058590690531e-11
88800	-1.2487811323392716e-11	-1.2617836493353779e-11
89200	-1.2565521157270276e-11	-1.2699931757175275e-11
89600	-1.2641606569868406e-11	-1.2780335476233532e-11
90000	-1.2716060809408646e-11	-1.285903894530314e-11
90400	-1.2788877288886853e-11	-1.2936033659744374e-11
90800	-1.2860049585308137e-11	-1.3011311315383777e-11
91200	-1.2929571438975072e-11	-1.3084863808386438e-11
91600	-1.2997436752781122e-11	-1.3156683235120675e-11
92000	-1.306363959148494e-11	-1.322676189201583e-11
92400	-1.3128174181063501e-11	-1.3295092275413902e-11
92800	-1.3191034907986876e-11	-1.3361667081415658e-11
93200	-1.3252216318537177e-11	-1.3426479205721955e-11
93600	-1.3311713118229308e-11	-1.3489521743470871e-11
94000	-1.3369520171066601e-11	-1.355078798907139e-11
94400	-1.3425632498961455e-11	-1.3610271436034151e-11
94800	-1.3480045281147845e-11	-1.366796577680004e-11
95200	-1.353275385347933e-11	-1.3723864902567075e-11
95600	-1.3583753707947744e-11	-1.3777962903116342e-11
96000	-1.3633040492033346e-11	-1.3830254066637436e-11
96400	-1.3680610008187106e-11	-1.3880732879554061e-11
96800	-1.3726458213253881e-11	-1.3929394026350286e-11
97200	-1.3770581217971787e-11	-1.3976232389398047e-11
97600	-1.3812975286463424e-11	-1.4021243048786381e-11
98000	-1.3853636835674696e-11	-1.4064421282152899e-11
98400	-1.3892562435008344e-11	-1.4105762564518025e-11
98800	-1.3929748805786162e-11	-1.4145262568122419e-11
99200	-1.396519282078024e-11	-1.41829171622681e-11
99600	-1.3998891503932556e-11	-1.4218722413163644e-11
100000	-1.4030842029742084e-11	-1.4252674583773925e-11
100400	-1.4061041723058533e-11	-1.4284770133674804e-11
100800	-1.4089488058590776e-11	-1.4315005718913085e-11
101200	-1.411617866063087e-11	-1.4343378191872216e-11
101600	-1.4141111302703282e-11	-1.4369884601143943e-11
102000	-1.416428390722808e-11	-1.4394522191406388e-11
102400	-1.4185694545254818e-11	-1.4417288403308736e-11
102800	-1.4205341436202359e-11	-1.4438180873362896e-11
103200	-1.4223222947597822e-11	-1.4457197433842404e-11
103600	-1.4239337594781734e-11	-1.4474336112688726e-11
104000	-1.425368404081657e-11	-1.4489595133425354e-11
104400	-1.4266261096205328e-11	-1.4502972915079732e-11
104800	-1.4277067718764699e-11	-1.4514468072113311e-11
105200	-1.4286103013431155e-11	-1.4524079414359876e-11
105600	-1.4293366232248555e-11	-1.4531805946972265e-11
106000	-1.4298856774031002e-11	-1.453764687037765e-11
106400	-1.4302574184579135e-11	-1.4541601580241442e-11
106800	-1.4304518156360528e-11	-1.4543669667439935e-11
107200	-1.4304688528571808e-11	-1.454385091804177e-11
107600	-1.4303085287143178e-11	-1.4542145313298196e-11
108000	-1.4299708564672476e-11	-1.4538553029642239e-11
108400	-1.4294558640471763e-11	-1.4533074438696701e-11
108800	-1.4287635940613531e-11	-1.4525710107291023e-11
109200	-1.4278941037999361e-11	-1.4516460797486952e-11
109600	-1.4268474652389131e-11	-1.4505327466612965e-11
110000	-1.42562376505724e-11	-1.4492311267307332e-11
110400	-1.4242231046469405e-11	-1.4477413547569754e-11
110800	-1.4226456001251195e-11	-1.4460635850821453e-11
111200	-1.4208913823547304e-11	-1.4441979915973542e-11
111600	-1.4189605969557578e-11	-1.4421447677503519e-11
112000	-1.4168534043384836e-11	-1.4399041265539718e-11
112400	-1.414569979714671e-11	-1.4374763005953514e-11
112800	-1.412110513123566e-11	-1.4348615420459e-11
113200	-1.4094752094681723e-11	-1.4320601226719994e-11
113600	-1.4066642885319892e-11	-1.4290723338463985e-11
114000	-1.4036779850158628e-11	-1.4258984865602857e-11
114400	-1.4005165485737813e-11	-1.4225389114359981e-11
114800	-1.3971802438389626e-11	-1.4189939587403434e-11
115200	-1.3936693504669128e-11	-1.4152639983984946e-11
115600	-1.3899841631717653e-11	-1.4113494200084231e-11
116000	-1.3861249917677487e-11	-1.4072506328558335e-11
116400	-1.3820921612084854e-11	-1.4029680659295586e-11
116800	-1.3778860116343217e-11	-1.3985021679373725e-11
117200	-1.3735068984139724e-11	-1.3938534073221814e-11
117600	-1.3689551921982774e-11	-1.3890222722785413e-11
118000	-1.3642312789625215e-11	-1.3840092707694614e-11
118400	-1.3593355600594791e-11	-1.3788149305434423e-11
118800	-1.3542684522769453e-11	-1.3734397991516957e-11
119200	-1.3490303878837382e-11	-1.3678844439654995e-11
119600	-1.3436218146889942e-11	-1.3621494521936289e-11
120000	-1.3380431961025562e-11	-1.356235430899814e-11
120400	-1.3322950111900146e-11	-1.3501430070201612e-11
120800	-1.3263777547291485e-11	-1.3438728273804848e-11
121200	-1.3202919372833812e-11	-1.3374255587134886e-11
121600	-1.3140380852521668e-11	-1.3308018876757347e-11
122000	-1.3076167409407936e-11	-1.3240025208643373e-11
122400	-1.301028462627887e-11	-1.317028184833321e-11
122800	-1.2942738246281542e-11	-1.3098796261095748e-11
123200	-1.2873534173619685e-11	-1.3025576112083362e-11
123600	-1.2802678474246335e-11	-1.2950629266481415e-11
124000	-1.2730177376575092e-11	-1.2873963789651688e-11
124400	-1.2656037272175945e-11	-1.2795587947269079e-11
124800	-1.2580264716478342e-11	-1.2715510205450835e-11
125200	-1.2502866429555393e-11	-1.2633739230877629e-11
125600	-1.2423849296810595e-11	-1.2550283890905744e-11
126000	-1.2343220369751581e-11	-1.2465153253669588e-11
126400	-1.2260986866737128e-11	-1.2378356588173887e-11
126800	-1.2177156173720716e-11	-1.2289903364374704e-11
127200	-1.2091735845081378e-11	-1.2199803253248585e-11
127600	-1.2004733604276667e-11	-1.2108066126849067e-11
128000	-1.191615734473445e-11	-1.2014702058349703e-11
128400	-1.1826015130576237e-11	-1.1919721322072945e-11
128800	-1.1734315197408137e-11	-1.182313439350397e-11
129200	-1.1641065953114297e-11	-1.172495194928878e-11
129600	-1.1546275978620994e-11	-1.1625184867215645e-11
130000	-1.1449954028714072e-11	-1.1523844226179247e-11
130400	-1.135210903280778e-11	-1.1420941306126594e-11
130800	-1.1252750095768256e-11	-1.1316487587983959e-11
131200	-1.1151886498624982e-11	-1.1210494753564037e-11
131600	-1.1049527699427318e-11	-1.11029746854525e-11
132000	-1.0945683334000783e-11	-1.0993939466873113e-11
132400	-1.0840363216712174e-11	-1.0883401381530688e-11
132800	-1.0733577341264356e-11	-1.0771372913430955e-11
133200	-1.0625335881442454e-11	-1.0657866746676614e-11
133600	-1.0515649191869922e-11	-1.0542895765238749e-11
134000	-1.0404527808809091e-11	-1.0426473052702775e-11
134400	-1.0291982450847033e-11	-1.0308611891988137e-11
134800	-1.0178024019663535e-11	-1.0189325765040941e-11
135200	-1.0062663600744786e-11	-1.0068628352498751e-11
135600	-9.945912464106817e-12	-9.946533533326704e-12
136000	-9.827782064993058e-12	-9.823055384424222e-12
136400	-9.708284044553782e-12	-9.698208180201465e-12
136800	-9.587430230556652e-12	-9.572006392124852e-12
137200	-9.465232637989917e-12	-9.44446468823071e-12
137600	-9.341703469753447e-12	-9.315597932606484e-12
138000	-9.216855117288717e-12	-9.185421184838607e-12
138400	-9.090700161150192e-12	-9.053949699426338e-12
138800	-8.963251371617196e-12	-8.921198925160815e-12
139200	-8.834521709265503e-12	-8.78718450446861e-12
139600	-8.70452432550685e-12	-8.651922272719049e-12
140000	-8.573272563153887e-12	-8.515428257494551e-12
140400	-8.440779956843763e-12	-8.377718677823382e-12
140800	-8.30706023358554e-12	-8.238809943374031e-12
141200	-8.172127313200448e-12	-8.098718653610582e-12
141600	-8.035995308721607e-12	-7.957461596908421e-12
142000	-7.898678526810002e-12	-7.815055749629616e-12
142400	-7.760191468128497e-12	-7.671518275157301e-12
142800	-7.620548827662141e-12	-7.526866522888512e-12
143200	-7.479765495047212e-12	-7.381118027184795e-12
143600	-7.337856554838303e-12	-7.2342905062800196e-12
144000	-7.194837286721803e-12	-7.0864018611448205e-12
144400	-7.050723165770905e-12	-6.937470174307104e-12
144800	-6.905529862581925e-12	-6.787513708628062e-12
145200	-6.759273243412454e-12	-6.6365509060331615e-12
145600	-6.6119693702847835e-12	-6.484600386197623e-12
146000	-6.463634501022469e-12	-6.331680945185853e-12
146400	-6.3142850892961065e-12	-6.1778115540443825e-12
146800	-6.16393778456623e-12	-6.023011357347842e-12
147200	-6.0126094320110555e-12	-5.867299671697538e-12
147600	-5.860317072425206e-12	-5.710695984172203e-12
148000	-5.707077942066412e-12	-5.553219950730524e-12
148400	-5.552909472412691e-12	-5.394891394565082e-12
148800	-5.397829289939696e-12	-5.23573030440731e-12
149200	-5.241855215800516e-12	-5.0757568327831685e-12
149600	-5.085005265468051e-12	-4.914991294219203e-12
150000	-4.927297648323525e-12	-4.7534541633986846e-12
150400	-4.7687507672117176e-12	-4.591166073267576e-12
150800	-4.609383217899249e-12	-4.4281478130900425e-12
151200	-4.4492137885428885e-12	-4.264420326453372e-12
151600	-4.28826145901427e-12	-4.100004709221896e-12
152000	-4.12654540026057e-12	-3.934922207439997e-12
152400	-3.964084973524174e-12	-3.769194215183835e-12
152800	-3.800899729563699e-12	-3.6028422723617633e-12
153200	-3.6370094077936357e-12	-3.435888062463278e-12
153600	-3.472433935320514e-12	-3.2683534102564485e-12
154000	-3.307193425999725e-12	-3.1002602794337375e-12
154400	-3.141308179349872e-12	-2.931630770206202e-12
154800	-2.9747986794418854e-12	-2.762487116846046e-12
155200	-2.8076855937134023e-12	-2.5928516851775438e-12
155600	-2.6399897717104544e-12	-2.422746970016374e-12
156000	-2.4717322437732894e-12	-2.2521955925574395e-12
156400	-2.3029342196264297e-12	-2.08122029771124e-12
156800	-2.1336170869303293e-12	-1.9098439513889398e-12
157200	-1.963802409735867e-12	-1.7380895377362589e-12
157600	-1.7935119268810826e-12	-1.5659801563163573e-12
158000	-1.6227675503056828e-12	-1.3935390192419131e-12
158400	-1.4515913632917753e-12	-1.2207894482566122e-12
158800	-1.280005618636502e-12	-1.0477548717662935e-12
159200	-1.1080327367363946e-12	-8.744588218200307e-13
159600	-9.35695303605515e-13	-7.009249310414461e-13
160000	-7.630160688086088e-13	-5.271769295105833e-13
160400	-5.900179433178525e-13	-3.532386415966939e-13
160800	-4.167239972892508e-13	-1.7913398274231641e-13
161200	-2.431574577556693e-13	-4.886956199052941e-15
161600	-6.934170624777143e-14	1.6947835028452298e-13
162000	1.0469972367930425e-13	3.439377678223697e-13
162400	2.78943148988828e-13	5.18467049797407e-13
162800	4.533647398004846e-13	6.930418753143597e-13
163200	6.279405221023621e-13	8.676378526984808e-13
163600	8.026463805527243e-13	1.0422305230395878e-12
164000	9.774580613635308e-13	1.2167953637808253e-12
164400	1.152351175270129e-12	1.3913077923515407e-12
164800	1.3273012005856573e-12	1.5657431698436283e-12
165200	1.5022834863421076e-12	1.7400768047306812e-12
165600	1.6772732555160988e-12	1.9142839566292557e-12
166000	1.8522456083410387e-12	2.088339840101539e-12
166400	2.0271755257072868e-12	2.2622196284986685e-12
166800	2.2020378726462266e-12	2.4358984578439503e-12
167200	2.3768074019045466e-12	2.6093514307551766e-12
167600	2.551458757598929e-12	2.7825536204052385e-12
168000	2.7259664789708663e-12	2.9554800745201846e-12
168400	2.900305004207004e-12	3.1281058194138887e-12
168800	3.0744486743652747e-12	3.3004058640583534e-12
169200	3.2483717373845655e-12	3.4723552041889513e-12
169600	3.4220483521623242e-12	3.6439288264434e-12
170000	3.595452592746489e-12	3.8151017125337144e-12
170400	3.768558452589157e-12	3.9858488434501046e-12
170800	3.94133984890228e-12	4.156145203695799e-12
171200	4.113770627080706e-12	4.325965785551815e-12
171600	4.285824565227414e-12	4.495285593370606e-12
172000	4.457475378751214e-12	4.664079647897557e-12
172400	4.628696725053211e-12	4.832322990619213e-12
172800	4.799462208287519e-12	4.999990688137188e-12
173200	4.969745384215053e-12	5.167057836566583e-12
173600	5.139519765117491e-12	5.333499565957832e-12
174000	5.308758824831331e-12	5.499291044740775e-12
174400	5.477436003800498e-12	5.664407484189808e-12
174800	5.6455247142828455e-12	5.828824142908927e-12
175200	5.8129983455394005e-12	5.992516331335435e-12
175600	5.9798302691959036e-12	6.155459416261101e-12
176000	6.145993844617227e-12	6.3176288253695455e-12
176400	6.311462424365381e-12	6.479000051788565e-12
176800	6.476209359739532e-12	6.639548658656161e-12
177200	6.640208006379715e-12	6.799250283698957e-12
177600	6.8034317299455404e-12	6.958080643821726e-12
178000	6.965853911855578e-12	7.116015539706722e-12
178400	7.127447955096078e-12	7.273030860421459e-12
178800	7.288187290088097e-12	7.429102588033638e-12
179200	7.448045380600506e-12	7.584206802231853e-12
179600	7.606995729792756e-12	7.738319684950722e-12
180000	7.765011886213286e-12	7.891417524999072e-12
180400	7.922067449940654e-12	8.0434767226898e-12
180800	8.078136078707868e-12	8.194473794470017e-12
181200	8.23319149417059e-12	8.34438537755009e-12
181600	8.387207488119436e-12	8.493188234530163e-12
182000	8.540157928799136e-12	8.640859258022738e-12
182400	8.69201676729171e-12	8.787375475269922e-12
182800	8.842758043893014e-12	8.932714052753888e-12
183200	8.992355894553226e-12	9.076852300799132e-12
183600	9.14078455733423e-12	9.219767678165097e-12
184000	9.28801837899106e-12	9.361437796627682e-12
184400	9.434031821427659e-12	9.501840425548257e-12
184800	9.578799468337273e-12	9.640953496428686e-12
185200	9.722296031755643e-12	9.778755107450913e-12
185600	9.864496358754886e-12	9.915223527999686e-12
186000	1.0005375438014708e-11	1.0050337203166962e-11
186400	1.0144908406541032e-11	1.0184074758236461e-11
186800	1.0283070556354606e-11	1.0316415003147105e-11
187200	1.0419837341137583e-11	1.044733693693365e-11
187600	1.0555184382995465e-11	1.0576819752143251e-11
188000	1.0689087479132268e-11	1.0704842839226407e-11
188400	1.0821522608613328e-11	1.0831385790900903e-11
188800	1.0952465939016092e-11	1.0956428406487259e-11
189200	1.108189383320748e-11	1.1079950696214278e-11
189600	1.1209782856001365e-11	1.1201932885493254e-11
190000	1.1336109780916631e-11	1.1322355419159415e-11
190400	1.1460851596820254e-11	1.1441198965679167e-11
190800	1.1583985514600267e-11	1.1558444421321753e-11
191200	1.1705488973829769e-11	1.1674072914293895e-11
191600	1.1825339649411147e-11	1.1788065808836036e-11
192000	1.1943515458180113e-11	1.1900404709278776e-11
192400	1.2059994565403208e-11	1.2011071464058151e-11
192800	1.2174755391427296e-11	1.2120048169688375e-11
193200	1.2287776618131826e-11	1.2227317174690648e-11
193600	1.239903719540593e-11	1.2332861083476757e-11
194000	1.2508516347518447e-11	1.2436662760186066e-11
194400	1.2616193579594007e-11	1.2538705332474612e-11
194800	1.2722048683822786e-11	1.2638972195254994e-11
195200	1.2826061745831112e-11	1.273744701438573e-11
195600	1.2928213150823827e-11	1.2834113730308851e-11
196000	1.3028483589773751e-11	1.2928956561634414e-11
196400	1.3126854065487909e-11	1.302196000867074e-11
196800	1.3223305898626332e-11	1.3113108856899066e-11
197200	1.3317820733690455e-11	1.32023881803915e-11
197600	1.3410380544832493e-11	1.328978334517097e-11
198000	1.3500967641700942e-11	1.3375280012512069e-11
198400	1.3589564675106131e-11	1.3458864142181568e-11
198800	1.3676154642714198e-11	1.354052199561754e-11
199200	1.376072089451917e-11	1.3620240139045841e-11
199600	1.3843247138340113e-11	1.3698005446533006e-11
200000	1.3923717445132844e-11	1.3773805102974313e-11
200400	1.4002116254296998e-11	1.3847626607016085e-11
200800	1.4078428378748375e-11	1.3919457773911114e-11
201200	1.4152639010053337e-11	1.3989286738306214e-11
201600	1.4224733723344786e-11	1.4057101956960906e-11
202000	1.4294698482096342e-11	1.4122892211396272e-11
202400	1.4362519642901302e-11	1.4186646610472996e-11
202800	1.4428183960084727e-11	1.424835459289772e-11
203200	1.449167859008999e-11	1.4308005929656775e-11
203600	1.4552991095942313e-11	1.4365590726376422e-11
204000	1.4612109451421177e-11	1.442109942560876e-11
204400	1.4669022045190396e-11	1.4474522809042467e-11
204800	1.4723717684722636e-11	1.4525851999637603e-11
205200	1.477618560023251e-11	1.457507846368367e-11
205600	1.4826415448271405e-11	1.4622194012780196e-11
206000	1.4874397315400133e-11	1.4667190805739144e-11
206400	1.4920121721539952e-11	1.4710061350408438e-11
206800	1.4963579623291698e-11	1.4750798505415955e-11
207200	1.500476241703468e-11	1.4789395481833325e-11
207600	1.5043661942018973e-11	1.4825845844759006e-11
208000	1.508027048309798e-11	1.486014351481995e-11
208400	1.511458077344411e-11	1.4892282769591425e-11
208800	1.5146585997204024e-11	1.4922258244934386e-11
209200	1.5176279791678842e-11	1.495006493624998e-11
209600	1.52036562497942e-11	1.4975698199650672e-11
210000	1.5228709921974638e-11	1.4999153753047596e-11
210400	1.5251435818192698e-11	1.5020427677153732e-11
210800	1.5271829409646282e-11	1.5039516416402545e-11
211200	1.5289886630403646e-11	1.5056416779781716e-11
211600	1.5305603878823432e-11	1.507112594158172e-11
212000	1.5318978018836877e-11	1.508364144205893e-11
212400	1.53300063810377e-11	1.5093961188013034e-11
212800	1.5338686763600547e-11	1.5102083453278518e-11
213200	1.534501743317861e-11	1.510800687913009e-11
213600	1.534899712532971e-11	1.511173047460182e-11
214000	1.535062504516601e-11	1.511325361672e-11
214400	1.534990086746602e-11	1.5112576050649465e-11
214800	1.534682473693218e-11	1.5109697889753514e-11
215200	1.5341397267981827e-11	1.5104619615567238e-11
215600	1.533361954470212e-11	1.5097342077684407e-11
216000	1.5323493120312743e-11	1.5087866493557842e-11
216400	1.53110200167548e-11	1.507619444821342e-11
216800	1.529620272383913e-11	1.506232789387779e-11
217200	1.527904419846398e-11	1.5046269149519937e-11
217600	1.5259547863511517e-11	1.502802090030675e-11
218000	1.5237717606702597e-11	1.5007586196972817e-11
218400	1.521355777916141e-11	1.4984968455104683e-11
218800	1.5187073193885777e-11	1.4960171454339767e-11
219200	1.5158269124100316e-11	1.493319933748033e-11
219600	1.5127151301335028e-11	1.490405660952274e-11
220000	1.5093725913463775e-11	1.487274813660241e-11
220400	1.505799960250094e-11	1.483927914485482e-11
220800	1.5019979462321214e-11	1.4803655219192985e-11
221200	1.4979673036056368e-11	1.476588230200188e-11
221600	1.4937088313618212e-11	1.4725966691750232e-11
222000	1.4892233728800733e-11	1.468391504152025e-11
222400	1.484511815638956e-11	1.4639734357455735e-11
222800	1.4795750909046567e-11	1.4593431997129265e-11
223200	1.4744141734111127e-11	1.4545015667828918e-11
223600	1.469030081018964e-11	1.449449342476523e-11
224000	1.4634238743718964e-11	1.4441873669199028e-11
224400	1.4575966565249998e-11	1.4387165146490785e-11
224800	1.4515495725618662e-11	1.4330376944072254e-11
225200	1.4452838092146419e-11	1.4271518489341056e-11
225600	1.4388005944449265e-11	1.4210599547479027e-11
226000	1.4321011970403807e-11	1.41476302191951e-11
226400	1.4251869261679562e-11	1.4082620938393518e-11
226800	1.4180591309411952e-11	1.401558246976824e-11
227200	1.410719199960843e-11	1.3946525906324387e-11
227600	1.4031685608499978e-11	1.3875462666827635e-11
228000	1.3954086797717143e-11	1.3802404493182472e-11
228400	1.3874410609463904e-11	1.3727363447740198e-11
228800	1.3792672461388075e-11	1.3650351910537752e-11
229200	1.3708888141611353e-11	1.3571382576468228e-11
229600	1.3623073803401605e-11	1.3490468452384163e-11
230000	1.353524595992106e-11	1.3407622854134586e-11
230400	1.3445421478780445e-11	1.332285940353695e-11
230800	1.3353617576554768e-11	1.323619202528491e-11
231200	1.3259851813184577e-11	1.3147634943793161e-11
231600	1.3164142086254806e-11	1.3057202679980383e-11
232000	1.3066506625340164e-11	1.2964910047991418e-11
232400	1.2966963986036909e-11	1.2870772151859914e-11
232800	1.286553304410591e-11	1.2774804382112501e-11
233200	1.2762232989472441e-11	1.2677022412315799e-11
233600	1.2657083320179655e-11	1.2577442195567372e-11
234000	1.255010383621981e-11	1.247607996093193e-11
234400	1.2441314633384907e-11	1.2372952209824002e-11
234800	1.2330736097009103e-11	1.2268075712338283e-11
235200	1.221838889566001e-11	1.216146750352903e-11
235600	1.2104293974767966e-11	1.2053144879639706e-11
236000	1.1988472550237974e-11	1.1943125394284265e-11
236400	1.1870946102030698e-11	1.1831426854581263e-11
236800	1.1751736367598932e-11	1.1718067317242294e-11
237200	1.163086533544974e-11	1.1603065084615944e-11
237600	1.1508355238494567e-11	1.148643870068872e-11
238000	1.1384228547530574e-11	1.1368206947044242e-11
238400	1.1258507964592783e-11	1.1248388838782153e-11
238800	1.1131216416271965e-11	1.1127003620398045e-11
239200	1.1002377047097374e-11	1.1004070761625859e-11
239600	1.0872013212886011e-11	1.0879609953244194e-11
240000	1.074014847394676e-11	1.0753641102847765e-11
240400	1.0606806588440761e-11	1.0626184330585658e-11
240800	1.047201150570041e-11	1.0497259964867653e-11
241200	1.0335787359422291e-11	1.0366888538040077e-11
241600	1.0198158461017297e-11	1.0235090782032663e-11
242000	1.0059149292896574e-11	1.0101887623977787e-11
242400	9.918784501685217e-12	9.967300181803598e-12
242800	9.777088891638224e-12	9.831349759802438e-12
243200	9.634087417860455e-12	9.694057844176013e-12
243600	9.489805179655977e-12	9.555446098558769e-12
244000	9.3442674138981e-12	9.41553635952096e-12
244400	9.197499488344964e-12	9.274350632052762e-12
244800	9.049526895091648e-12	9.13191108503103e-12
245200	8.900375243908464e-12	8.988240046669995e-12
245600	8.750070255746544e-12	8.843359999957492e-12
246000	8.598637756186749e-12	8.69729357807805e-12
246400	8.446103668945083e-12	8.550063559824389e-12
246800	8.292494009413541e-12	8.401692864998679e-12
247200	8.13783487828724e-12	8.252204549805076e-12
247600	7.98215245512661e-12	8.101621802234904e-12
248000	7.825472992081537e-12	7.949967937445957e-12
248400	7.667822807607887e-12	7.797266393137319e-12
248800	7.509228280191968e-12	7.643540724921143e-12
249200	7.3497158422126e-12	7.488814601692735e-12
249600	7.189311973792291e-12	7.333111801000446e-12
250000	7.02804319674311e-12	7.1764562044166704e-12
250400	6.8659360685217705e-12	7.01887179291137e-12
250800	6.703017176308643e-12	6.8603826422295184e-12
251200	6.539313131091771e-12	6.701012918273792e-12
251600	6.374850561830004e-12	6.540786872493875e-12
252000	6.209656109719923e-12	6.379728837283738e-12
252400	6.0437564224521525e-12	6.21786322138818e-12
252800	5.87717814860598e-12	6.055214505319992e-12
253200	5.7099479320896515e-12	5.891807236789012e-12
253600	5.542092406627639e-12	5.727666026144386e-12
254000	5.3736381903607624e-12	5.562815541831288e-12
254400	5.20461188050342e-12	5.397280505863393e-12
254800	5.035040048047847e-12	5.231085689312299e-12
255200	4.864949232597022e-12	5.064255907815182e-12
255600	4.694365937239973e-12	4.8968160171018584e-12
256000	4.523316623507419e-12	4.728790908542467e-12
256400	4.351827706411755e-12	4.560205504716955e-12
256800	4.179925549589702e-12	4.391084755007513e-12
257200	4.0076364604763984e-12	4.221453631215111e-12
257600	3.834986685603249e-12	4.051337123201318e-12
258000	3.662002405971151e-12	3.88076023455633e-12
258400	3.4887097324929686e-12	3.709747978294546e-12
258800	3.315134701529232e-12	3.538325372578572e-12
259200	3.1413032705114706e-12	3.366517436472762e-12
259600	2.967241313639577e-12	3.194349185727319e-12
260000	2.792974617675594e-12	3.0218456285939677e-12
260400	2.6185288778209665e-12	2.8490317616741577e-12
260800	2.443929693678193e-12	2.675932565800781e-12
261200	2.2692025652915237e-12	2.502573001954339e-12
261600	2.0943728892886053e-12	2.3289780072144553e-12
262000	1.919465955101612e-12	2.155172490747659e-12
262400	1.7445069412674772e-12	1.98118132983228e-12
262800	1.5695209118309644e-12	1.807029365921322e-12
263200	1.3945328128212316e-12	1.632741400744126e-12
263600	1.2195674688195276e-12	1.458342192447627e-12
264000	1.0446495796158108e-12	1.2838564517779784e-12
264400	8.698037169472761e-13	1.1093088383032937e-12
264800	6.950543213252633e-13	9.347239566782287e-13
265200	5.204256989485521e-13	7.601263529511111e-13
265600	3.459420187004005e-13	5.855405109142846e-13
266000	1.7162730923239948e-13	4.109908484983224e-13
266400	-2.4945438698143102e-15	2.365017142107351e-13
266800	-1.7639980083014736e-13	6.209738361976794e-14
267200	-3.5006487035208553e-13	-1.1219794411613567e-13
267600	-5.234663121963049e-13	-2.8636014967265987e-13
268000	-6.965808396792847e-13	-4.603651969372087e-13
268400	-8.693853220896317e-13	-6.34189136339271e-13
268800	-1.0418567870263237e-12	-8.078081081330893e-13
269200	-1.213972422648842e-12	-9.811983456321893e-13
269600	-1.3857095798495436e-12	-1.1543361783953556e-12
270000	-1.5570457743599257e-12	-1.3271980353636614e-12
270400	-1.7279586887535703e-12	-1.4997604479481927e-12
270800	-1.898426174394734e-12	-1.6720000530681253e-12
271200	-2.0684262532969934e-12	-1.843893596138851e-12
271600	-2.237937119905426e-12	-2.01541793400986e-12
272000	-2.4069371428173733e-12	-2.1865500378521304e-12
272400	-2.5754048664135253e-12	-2.3572669959947895e-12
272800	-2.743319012417614e-12	-2.5275460167108548e-12
273200	-2.910658481400077e-12	-2.697364430951796e-12
273600	-3.0774023541885974e-12	-2.8666996950309723e-12
274000	-3.2435298932174376e-12	-3.0355293932555333e-12
274400	-3.409020543815948e-12	-3.203831240506908e-12
274800	-3.573853935417485e-12	-3.371583084769707e-12
275200	-3.738009882705561e-12	-3.5387629096090072e-12
275600	-3.9014683866946385e-12	-3.705348836596001e-12
276000	-4.064209635733599e-12	-3.871319127682008e-12
276400	-4.2262140064827864e-12	-4.03665218752086e-12
276800	-4.387462064773337e-12	-4.201326565739752e-12
277200	-4.547934566458206e-12	-4.365320959158573e-12
277600	-4.707612458143804e-12	-4.528614213957892e-12
278000	-4.8664768779540965e-12	-4.691185327795644e-12
278400	-5.024509156124578e-12	-4.853013451872739e-12
278800	-5.181690815613386e-12	-5.014077892947709e-12
279200	-5.338003572652025e-12	-5.174358115300624e-12
279600	-5.493429337198977e-12	-5.333833742646479e-12
280000	-5.6479502134094836e-12	-5.4924845599983e-12
280400	-5.8015484999601645e-12	-5.650290515480232e-12
280800	-5.9542066904112816e-12	-5.807231722090898e-12
281200	-6.105907473470424e-12	-5.963288459417333e-12
281600	-6.256633733222279e-12	-6.118441175299818e-12
282000	-6.40636854930345e-12	-6.272670487447992e-12
282400	-6.555095197035113e-12	-6.425957185008571e-12
282800	-6.702797147525845e-12	-6.578282230085102e-12
283200	-6.849458067694976e-12	-6.729626759210157e-12
283600	-6.9950618202942666e-12	-6.879972084770376e-12
284000	-7.139592463846648e-12	-7.029299696384849e-12
284400	-7.283034252598664e-12	-7.177591262237273e-12
284800	-7.425371636364628e-12	-7.324828630362386e-12
285200	-7.566589260410367e-12	-7.470993829887192e-12
285600	-7.706671965219138e-12	-7.61606907222749e-12
286000	-7.845604786312759e-12	-7.760036752240245e-12
286400	-7.98337295392645e-12	-7.902879449332373e-12
286800	-8.119961892788668e-12	-8.044579928526498e-12
287200	-8.255357221733386e-12	-8.185121141484288e-12
287600	-8.389544753359625e-12	-8.32448622748795e-12
288000	-8.52251049367965e-12	-8.462658514380518e-12
288400	-8.65424064163695e-12	-8.599621519465587e-12
288800	-8.784721588737667e-12	-8.735358950367092e-12
289200	-8.913939918515725e-12	-8.86985470584983e-12
289600	-9.041882406098151e-12	-9.003092876601388e-12
290000	-9.168536017628846e-12	-9.135057745976154e-12
290400	-9.293887909777554e-12	-9.265733790702127e-12
290800	-9.41792542916207e-12	-9.395105681551187e-12
291200	-9.54063611174936e-12	-9.523158283973623e-12
291600	-9.6620076822706e-12	-9.649876658697541e-12
292000	-9.782028053614313e-12	-9.775246062294002e-12
292400	-9.900685326141323e-12	-9.899251947708539e-12
292800	-1.0017967787089332e-11	-1.0021879964759858e-11
293200	-1.0133863909854486e-11	-1.014311596060649e-11
293600	-1.024836235333653e-11	-1.0262945980182132e-11
294000	-1.036145196122599e-11	-1.0381356266600461e-11
294400	-1.0473121761310061e-11	-1.049833326153023e-11
294800	-1.0583360964731863e-11	-1.0613863605541391e-11
295200	-1.0692158965269365e-11	-1.0727934138423075e-11
295600	-1.0799505338592967e-11	-1.0840531899474186e-11
296000	-1.0905389841519409e-11	-1.0951644127767459e-11
296400	-1.1009802411241685e-11	-1.1061258262387719e-11
296800	-1.1112733164581335e-11	-1.1169361942645224e-11
297200	-1.1214172397195608e-11	-1.127594300826482e-11
297600	-1.1314110582846142e-11	-1.1380989499551784e-11
298000	-1.141253837254147e-11	-1.1484489657535118e-11
298400	-1.1509446593839679e-11	-1.1586431924089146e-11
298800	-1.1604826250007952e-11	-1.1686804942034156e-11
299200	-1.1698668519252913e-11	-1.1785597555216987e-11
299600	-1.1790964753933992e-11	-1.1882798808572301e-11
300000	-1.188170647977376e-11	-1.197839794816535e-11
300400	-1.197088539505511e-11	-1.2072384421217092e-11
300800	-1.2058493369876954e-11	-1.2164747876112385e-11
301200	-1.214452244532023e-11	-1.2255478162392124e-11
301600	-1.2228964832680574e-11	-1.234456533073001e-11
302000	-1.2311812912736084e-11	-1.2431999632894931e-11
302400	-1.239305923489694e-11	-1.2517771521699504e-11
302800	-1.2472696516493777e-11	-1.2601871650935698e-11
303200	-1.2550717642019622e-11	-1.2684290875298277e-11
303600	-1.2627115662319097e-11	-1.2765020250296838e-11
304000	-1.2701883793870208e-11	-1.2844051032157152e-11
304400	-1.277501541810355e-11	-1.2921374677712605e-11
304800	-1.2846504080533394e-11	-1.299698284428647e-11
305200	-1.2916343490169902e-11	-1.3070867389565712e-11
305600	-1.2984527518716754e-11	-1.3143020371467067e-11
306000	-1.3051050199904478e-11	-1.3213434047996131e-11
306400	-1.3115905728762163e-11	-1.3282100877100095e-11
306800	-1.3179088460990696e-11	-1.3349013516514892e-11
307200	-1.324059291223771e-11	-1.3414164823607354e-11
307600	-1.3300413757448443e-11	-1.3477547855213136e-11
308000	-1.335854583023888e-11	-1.3539155867470974e-11
308400	-1.3414984122264728e-11	-1.3598982315653982e-11
308800	-1.346972378252867e-11	-1.3657020853998585e-11
309200	-1.3522760116874547e-11	-1.3713265335531706e-11
309600	-1.3574088587336719e-11	-1.3767709811896816e-11
310000	-1.3623704811572953e-11	-1.3820348533179458e-11
310400	-1.36716045622918e-11	-1.3871175947732729e-11
310800	-1.371778376671778e-11	-1.3920186702003412e-11
311200	-1.3762238506077972e-11	-1.3967375640359165e-11
311600	-1.3804965015050545e-11	-1.4012737804917399e-11
312000	-1.3845959681266435e-11	-1.405626843537628e-11
312400	-1.388521904488136e-11	-1.4097962968848395e-11
312800	-1.3922739798058637e-11	-1.4137817039697534e-11
313200	-1.3958518784515244e-11	-1.4175826479379054e-11
313600	-1.3992552999169766e-11	-1.421198731628428e-11
314000	-1.402483958763873e-11	-1.4246295775589327e-11
314400	-1.4055375845893823e-11	-1.4278748279108811e-11
314800	-1.4084159219913326e-11	-1.4309341445154778e-11
315200	-1.4111187305261829e-11	-1.4338072088401244e-11
315600	-1.4136457846827786e-11	-1.4364937219754712e-11
316000	-1.4159968738434998e-11	-1.4389934046230967e-11
316400	-1.4181718022602968e-11	-1.4413059970838483e-11
316800	-1.4201703890286938e-11	-1.4434312592468728e-11
317200	-1.4219924680535261e-11	-1.4453689705793628e-11
317600	-1.4236378880351188e-11	-1.4471189301170466e-11
318000	-1.4251065124401684e-11	-1.4486809564554441e-11
318400	-1.4263982194904457e-11	-1.450054887741908e-11
318800	-1.4275129021377422e-11	-1.4512405816684716e-11
319200	-1.4284504680511776e-11	-1.4522379154655223e-11
319600	-1.4292108396070936e-11	-1.45304678589631e-11
320000	-1.4297939538701861e-11	-1.4536671092523106e-11
320400	-1.4301997625971185e-11	-1.454098821349449e-11
320800	-1.4304282322148813e-11	-1.4543418775251971e-11
321200	-1.430479343828267e-11	-1.4543962526365483e-11
321600	-1.4303530932083671e-11	-1.4542619410588754e-11
322000	-1.430049490800834e-11	-1.4539389566856757e-11
322400	-1.4295685617130089e-11	-1.4534273329292023e-11
322800	-1.4289103457360309e-11	-1.452727122721979e-11
323200	-1.4280748973357022e-11	-1.4518383985192001e-11
323600	-1.427062285668665e-11	-1.4507612523020033e-11
324000	-1.4258725945877244e-11	-1.4494957955816105e-11
324400	-1.4245059226561316e-11	-1.4480421594043312e-11
324800	-1.422962383161309e-11	-1.4464004943574056e-11
325200	-1.4212421041314038e-11	-1.4445709705756868e-11
325600	-1.4193452283518485e-11	-1.442553777749134e-11
326000	-1.417271913387178e-11	-1.4403491251311079e-11
326400	-1.415022331604147e-11	-1.4379572415474412e-11
326800	-1.4125966701930356e-11	-1.4353783754062682e-11
327200	-1.4099951311984551e-11	-1.4326127947085833e-11
327600	-1.4072179315404601e-11	-1.4296607870595057e-11
328000	-1.4042653030543545e-11	-1.4265226596802251e-11
328400	-1.401137492518678e-11	-1.4231987394205893e-11
328800	-1.3978347616846326e-11	-1.419689372772312e-11
329200	-1.3943573873185631e-11	-1.4159949258827596e-11
329600	-1.3907056612414411e-11	-1.4121157845692837e-11
330000	-1.3868798903597248e-11	-1.4080523543340632e-11
330400	-1.3828803967173417e-11	-1.4038050603794145e-11
330800	-1.3787075175316989e-11	-1.3993743476235255e-11
331200	-1.3743616052443016e-11	-1.3947606807165794e-11
331600	-1.3698430275660865e-11	-1.389964544057212e-11
332000	-1.3651521675228206e-11	-1.3849864418092652e-11
332400	-1.3602894235098765e-11	-1.3798268979187817e-11
332800	-1.3552552093461403e-11	-1.3744864561311967e-11
333200	-1.3500499543196691e-11	-1.3689656800086688e-11
333600	-1.3446741032520916e-11	-1.3632651529475019e-11
334000	-1.3391281165514813e-11	-1.3573854781956012e-11
334400	-1.3334124702699563e-11	-1.3513272788699063e-11
334800	-1.3275276561631215e-11	-1.3450911979737464e-11
335200	-1.3214741817550342e-11	-1.3386778984140518e-11
335600	-1.3152525703984652e-11	-1.3320880630183725e-11
336000	-1.3088633613405772e-11	-1.3253223945516262e-11
336400	-1.3023071097824406e-11	-1.318381615732528e-11
336800	-1.2955843869537566e-11	-1.3112664692496251e-11
337200	-1.2886957801769708e-11	-1.3039777177768826e-11
337600	-1.2816418929338708e-11	-1.2965161439887326e-11
338000	-1.2744233449372876e-11	-1.2888825505745449e-11
338400	-1.2670407722055326e-11	-1.2810777602524302e-11
338800	-1.259494827129279e-11	-1.2731026157823139e-11
339200	-1.2517861785448765e-11	-1.264957979978203e-11
339600	-1.2439155118116402e-11	-1.2566447357195831e-11
340000	-1.2358835288821032e-11	-1.2481637859618617e-11
340400	-1.2276909483832572e-11	-1.2395160537457906e-11
340800	-1.2193385056836558e-11	-1.2307024822057885e-11
341200	-1.210826952976975e-11	-1.2217240345770904e-11
341600	-1.2021570593583852e-11	-1.2125816942016458e-11
342000	-1.193329610897957e-11	-1.2032764645326876e-11
342400	-1.1843454107231064e-11	-1.1938093691378976e-11
342800	-1.1752052790911436e-11	-1.1841814517010852e-11
343200	-1.1659100534767528e-11	-1.174393776022303e-11
343600	-1.1564605886417813e-11	-1.1644474260163217e-11
344000	-1.1468577567194464e-11	-1.1543435057093788e-11
344400	-1.1371024472877633e-11	-1.1440831392341298e-11
344800	-1.127195567458083e-11	-1.1336674708227106e-11
345200	-1.1171380419436616e-11	-1.1230976647978404e-11
345600	-1.1069308131416672e-11	-1.112374905561879e-11
346000	-1.0965748412123463e-11	-1.1015003975837577e-11
346400	-1.0860711041569049e-11	-1.0904753653837052e-11
346800	-1.075420597895219e-11	-1.0793010535156848e-11
347200	-1.0646243363389062e-11	-1.0679787265474637e-11
347600	-1.0536833514708628e-11	-1.0565096690382355e-11
348000	-1.0425986934220257e-11	-1.044895185513707e-11
348400	-1.0313714305423508e-11	-1.033136600438582e-11
348800	-1.0200026494766042e-11	-1.0212352581863489e-11
349200	-1.0084934552374171e-11	-1.0091925230063006e-11
349600	-9.968449712739797e-12	-9.970097789877058e-12
350000	-9.8505833954816e-12	-9.846884300210478e-12
350400	-9.731347205984038e-12	-9.722298997562613e-12
350800	-9.610752936088051e-12	-9.596356315578791e-12
351200	-9.488812564787707e-12	-9.469070884570216e-12
351600	-9.365538258830748e-12	-9.340457531001418e-12
352000	-9.240942373382829e-12	-9.210531276944621e-12
352400	-9.115037452615383e-12	-9.079307339500156e-12
352800	-8.987836230313412e-12	-8.94680113018226e-12
353200	-8.859351630457528e-12	-8.813028254269514e-12
353600	-8.729596767759044e-12	-8.678004510119165e-12
354000	-8.598584948200776e-12	-8.541745888444642e-12
354400	-8.466329669546726e-12	-8.404268571555572e-12
354800	-8.332844621807503e-12	-8.265588932559581e-12
355200	-8.198143687732055e-12	-8.125723534525223e-12
355600	-8.062240943187287e-12	-7.984689129605352e-12
356000	-7.925150657621973e-12	-7.842502658120284e-12
356400	-7.786887294394713e-12	-7.699181247600145e-12
356800	-7.647465511132e-12	-7.554742211785692e-12
357200	-7.506900160060587e-12	-7.40920304958711e-12
357600	-7.365206288250919e-12	-7.262581444000078e-12
358000	-7.222399137891378e-12	-7.114895260978602e-12
358400	-7.0784941465164884e-12	-6.966162548263989e-12
358800	-6.933506947130353e-12	-6.8164015341694554e-12
359200	-6.787453368402179e-12	-6.665630626319815e-12
359600	-6.6403494347315236e-12	-6.5138684103457295e-12
360000	-6.492211366337973e-12	-6.36113364853203e-12
360400	-6.343055579257688e-12	-6.207445278419621e-12
360800	-6.192898685328577e-12	-6.052822411360519e-12
361200	-6.041757492150983e-12	-5.897284331025558e-12
361600	-5.8896490029520164e-12	-5.7408504918643685e-12
362000	-5.736590416439794e-12	-5.583540517517198e-12
362400	-5.5825991266165415e-12	-5.425374199178211e-12
362800	-5.427692722516953e-12	-5.266371493909882e-12
363200	-5.271888987913339e-12	-5.106552522908174e-12
363600	-5.115205900975906e-12	-4.945937569718143e-12
364000	-4.9576616338747956e-12	-4.784547078399696e-12
364400	-4.799274552318231e-12	-4.6224016516432075e-12
364800	-4.6400632150581434e-12	-4.4595220488347646e-12
365200	-4.480046373332758e-12	-4.2959291840707776e-12
365600	-4.31924297023073e-12	-4.1316441241217655e-12
366000	-4.15767214005155e-12	-3.96668808634513e-12
366400	-3.995353207535786e-12	-3.801082436546753e-12
366800	-3.832305687104916e-12	-3.6348486867912703e-12
367200	-3.668549281988628e-12	-3.468008493160926e-12
367600	-3.5041038833159337e-12	-3.3005836534629017e-12
368000	-3.3389895691434076e-12	-3.1325961048850544e-12
368400	-3.1732266034063163e-12	-2.9640679216000404e-12
368800	-3.0068354348056303e-12	-2.7950213123177847e-12
369200	-2.839836695652115e-12	-2.6254786177863237e-12
369600	-2.6722512006067248e-12	-2.455462308241048e-12
370000	-2.5040999453780724e-12	-2.2849949808024082e-12
370400	-2.335404105339177e-12	-2.1140993568221677e-12
370800	-2.1661850340864066e-12	-1.9427982791783134e-12
371200	-1.996464261902808e-12	-1.7711147095187666e-12
371600	-1.826263494176689e-12	-1.5990717254540557e-12
372000	-1.6556046097267392e-12	-1.4266925176991093e-12
372400	-1.4845096590546361e-12	-1.254000387164551e-12
372800	-1.3130008625382707e-12	-1.0810187419973407e-12
373200	-1.1411006085261353e-12	-9.077710945715561e-13
373600	-9.688314513752e-13	-7.342810584292164e-13
374000	-7.962161093904839e-13	-5.605723451716278e-13
374400	-6.232774627063892e-13	-3.866687613015713e-13
374800	-4.5003855107124326e-13	-2.1259420501670858e-13
375200	-2.7652257156491964e-13	-3.83726629546057e-14
375600	-1.0275287622322604e-13	1.3597179311019748e-13
376000	7.12470304088876e-14	3.104150096166191e-13
376400	2.4545349381120796e-13	4.849327546144878e-13
376800	4.1984271210641986e-13	6.595007212085113e-13
377200	5.943907387580212e-13	8.340945310482273e-13
377600	7.690734853548396e-13	1.0086897378633791e-12
378000	9.438667244787533e-13	1.1832618310441342e-12
378400	1.118746092658474e-12	1.3577862392655317e-12
378800	1.293687093406212e-12	1.5322383341555272e-12
379200	1.468665100343583e-12	1.7065934340059744e-12
379600	1.6436553604102365e-12	1.8808268075258527e-12
380000	1.8186329971586516e-12	2.054913677636038e-12
380400	1.9935730141392043e-12	2.2288292253048672e-12
380800	2.168450298368275e-12	2.402548593423759e-12
381200	2.3432396238817183e-12	2.576046890722078e-12
381600	2.5179156553803807e-12	2.7492991957204526e-12
382000	2.6924529519576897e-12	2.922280560721709e-12
382400	2.8668259709123375e-12	3.0949660158385605e-12
382800	3.0410090716556483e-12	3.267330573057179e-12
383200	3.2149765196981682e-12	3.439349230335735e-12
383600	3.388702490728943e-12	3.610996975737e-12
384000	3.5621610747603717e-12	3.782248791594033e-12
384400	3.735326280399617e-12	3.953079658708012e-12
384800	3.908172039159702e-12	4.123464560577204e-12
385200	4.080672209889139e-12	4.293378487656053e-12
385600	4.25280058326124e-12	4.462796441643366e-12
386000	4.424530886374469e-12	4.6316934397985394e-12
386400	4.595836787399536e-12	4.8000445192847365e-12
386800	4.76669190034901e-12	4.967824741537949e-12
387200	4.937069789899077e-12	5.135009196660796e-12
387600	5.106943976303996e-12	5.3015730078399545e-12
388000	5.276287940383881e-12	5.467491335786051e-12
388400	5.445075128615379e-12	5.6327393831948676e-12
388800	5.6132789582490375e-12	5.797292399228638e-12
389200	5.780872822564719e-12	5.961125684016277e-12
389600	5.947830096158716e-12	6.124214593171276e-12
390000	6.114124140331603e-12	6.286534542326074e-12
390400	6.279728308519656e-12	6.448061011681602e-12
390800	6.4446159518303986e-12	6.6087695505707846e-12
391200	6.608760424638272e-12	6.768635782034674e-12
391600	6.7721350902328834e-12	6.92763540740995e-12
392000	6.934713326556228e-12	7.0857442109264634e-12
392400	7.096468531993994e-12	7.242938064313496e-12
392800	7.257374131234546e-12	7.399192931413424e-12
393200	7.417403581191534e-12	7.554484872801418e-12
393600	7.57653037697865e-12	7.708790050409822e-12
394000	7.734728057950606e-12	7.86208473215587e-12
394400	7.891970213811287e-12	8.014345296571318e-12
394800	8.048230490751854e-12	8.165548237432661e-12
395200	8.203482597637573e-12	8.315670168390482e-12
395600	8.357700312306439e-12	8.464687827596567e-12
396000	8.51085748782849e-12	8.612578082327351e-12
396400	8.662928058875932e-12	8.759317933602314e-12
396800	8.813886048107977e-12	8.904884520795849e-12
397200	8.963705572577378e-12	9.049255126241195e-12
397600	9.1123608502545e-12	9.192407179825043e-12
398000	9.259826206479355e-12	9.334318263571276e-12
398400	9.40607608054111e-12	9.47496611621251e-12
398800	9.55108503220757e-12	9.614328637747902e-12
399200	9.69482774837148e-12	9.752383893985827e-12
399600	9.837279049617705e-12	9.88911012106996e-12
400000	9.978413896913598e-12	1.0024485729987279e-11
400400	1.011820739826045e-11	1.0158489311056602e-11
400800	1.0256634815365802e-11	1.0291099638396145e-11
401200	1.0393671570348655e-11	1.0422295674368667e-11
401600	1.0529293252421481e-11	1.0552056574002768e-11
402000	1.0663475624636156e-11	1.0680361689388881e-11
402400	1.0796194630589858e-11	1.0807190574048496e-11
402800	1.0927426401134322e-11	1.09325229872752e-11
403200	1.1057147261091025e-11	1.105633889844609e-11
403600	1.118533373595569e-11	1.1178618491302102e-11
404000	1.131196255862889e-11	1.129934216819586e-11
404400	1.1437010676090467e-11	1.1418490554305608e-11
404800	1.1560455256049197e-11	1.153604450181381e-11
405200	1.1682273693659379e-11	1.1651985094049008e-11
405600	1.1802443618071057e-11	1.1766293649589555e-11
406000	1.1920942899120835e-11	1.1878951726327804e-11
406400	1.2037749653858545e-11	1.1989941125493406e-11
406800	1.2152842253131333e-11	1.2099243895634317e-11
407200	1.2266199328047245e-11	1.2206842336554162e-11
407600	1.237779977650911e-11	1.2312719003204635e-11
408000	1.2487622769587627e-11	1.2416856709531491e-11
408400	1.259564775793443e-11	1.2519238532273037e-11
408800	1.2701854478136393e-11	1.2619847814709503e-11
409200	1.280622295893926e-11	1.2718668170362239e-11
409600	1.2908733527525601e-11	1.2815683486641332e-11
410000	1.3009366815640296e-11	1.2910877928440439e-11
410400	1.310810376571584e-11	1.3004235941677522e-11
410800	1.3204925636890341e-11	1.30957422567803e-11
411200	1.3299814010977706e-11	1.3185381892115174e-11
411600	1.3392750798353352e-11	1.3273140157358405e-11
412000	1.3483718243773347e-11	1.3359002656808422e-11
412400	1.3572698932053073e-11	1.3442955292638016e-11
412800	1.365967579379705e-11	1.3524984268085325e-11
413200	1.3744632110890651e-11	1.3605076090582461e-11
413600	1.3827551521977135e-11	1.3683217574820681e-11
414000	1.3908418027844258e-11	1.375939584575101e-11
414400	1.3987215996693331e-11	1.3833598341519262e-11
414800	1.4063930169303014e-11	1.3905812816334355e-11
415200	1.4138545664117559e-11	1.3976027343269032e-11
415600	1.4211047982164237e-11	1.4044230316991817e-11
416000	1.4281423011960184e-11	1.4110410456429368e-11
416400	1.4349657034229861e-11	1.41745568073582e-11
416800	1.4415736726511618e-11	1.4236658744924891e-11
417200	1.4479649167669212e-11	1.4296705976093807e-11
417600	1.4541381842274578e-11	1.4354688542021549e-11
418000	1.4600922644875414e-11	1.4410596820357206e-11
418400	1.4658259884101306e-11	1.4464421527467602e-11
418800	1.471338228669341e-11	1.4516153720586729e-11
419200	1.476627900132862e-11	1.4565784799888632e-11
419600	1.4816939602399487e-11	1.4613306510482922e-11
420000	1.4865354093564615e-11	1.465871094433226e-11
420400	1.4911512911226487e-11	1.470199054209109e-11
420800	1.495540692785857e-11	1.4743138094864958e-11
421200	1.4997027455119325e-11	1.4782146745889778e-11
421600	1.5036366246935656e-11	1.4819009992130443e-11
422000	1.5073415502339952e-11	1.4853721685798196e-11
422400	1.5108167868171685e-11	1.4886276035786188e-11
422800	1.5140616441752115e-11	1.4916667609022758e-11
423200	1.517075477317121e-11	1.4944891331741872e-11
423600	1.5198576867604004e-11	1.497094249067031e-11
424000	1.522407718746817e-11	1.4994816734131152e-11
424400	1.5247250654279997e-11	1.5016510073063143e-11
424800	1.526809265053869e-11	1.5036018881955598e-11
425200	1.528659902121919e-11	1.5053339899698478e-11
425600	1.5302766075420744e-11	1.5068470230347355e-11
426000	1.5316590587519794e-11	1.5081407343802945e-11
426400	1.5328069798380123e-11	1.509214907640501e-11
426800	1.5337201416283915e-11	1.510069363144035e-11
427200	1.5343983617812764e-11	1.5107039579564804e-11
427600	1.5348415048444375e-11	1.5111185859138958e-11
428000	1.5350494823016658e-11	1.5113131776477576e-11
428400	1.5350222526078975e-11	1.5112877006012582e-11
428800	1.534759821202942e-11	1.511042159036955e-11
429200	1.5342622405087232e-11	1.5105765940357698e-11
429600	1.5335296099102426e-11	1.5098910834873356e-11
430000	1.532562075721964e-11	1.508985742071697e-11
430400	1.5313598311395837e-11	1.5078607212323684e-11
430800	1.5299231161598363e-11	1.5065162091407627e-11
431200	1.5282522175061742e-11	1.504952430652001e-11
431600	1.5263474685256682e-11	1.5031696472521214e-11
432000	1.524209249069759e-11	1.5011681569967036e-11
432400	1.5218379853567414e-11	1.4989482944409363e-11
432800	1.5192341498294686e-11	1.4965104305611466e-11
433200	1.5163982609790023e-11	1.4938549726678257e-11
433600	1.5133308831709117e-11	1.4909823643101808e-11
434000	1.5100326264438687e-11	1.4878930851722455e-11
434400	1.506504146288172e-11	1.4845876509605916e-11
434800	1.502746143430084e-11	1.4810666132836768e-11
435200	1.4987593635726637e-11	1.477330559522881e-11
435600	1.4945445971442095e-11	1.473380112695266e-11
436000	1.4901026790216553e-11	1.4692159313081237e-11
436400	1.4854344882290577e-11	1.46483870920535e-11
436800	1.4805409476480597e-11	1.460249175405714e-11
437200	1.475423023687208e-11	1.4554480939330693e-11
437600	1.4700817259514855e-11	1.4504362636385807e-11
438000	1.4645181068891662e-11	1.4452145180150187e-11
438400	1.4587332614364935e-11	1.4397837250032012e-11
438800	1.4527283266366288e-11	1.4341447867906406e-11
439200	1.44650448124556e-11	1.4282986396024791e-11
439600	1.4400629453431974e-11	1.422246253484783e-11
440000	1.4334049799004203e-11	1.4159886320802718e-11
440400	1.4265318863636905e-11	1.4095268123965696e-11
440800	1.4194450062045412e-11	1.4028618645670564e-11
441200	1.4121457204773641e-11	1.3959948916044073e-11
441600	1.404635449342788e-11	1.3889270291469107e-11
442000	1.3969156515984062e-11	1.3816594451976497e-11
442400	1.3889878241906431e-11	1.374193339856649e-11
442800	1.3808535017120118e-11	1.3665299450460758e-11
443200	1.3725142558969426e-11	1.3586705242285954e-11
443600	1.3639716950971584e-11	1.3506163721189893e-11
444000	1.3552274637571423e-11	1.3423688143891171e-11
444400	1.3462832418713835e-11	1.3339292073663567e-11
444800	1.3371407444347432e-11	1.3252989377256045e-11
445200	1.3278017208886514e-11	1.3164794221749625e-11
445600	1.3182679545528159e-11	1.3074721071352085e-11
446000	1.308541262048301e-11	1.2982784684131774e-11
446400	1.2986234927164141e-11	1.2889000108691565e-11
446800	1.2885165280303958e-11	1.2793382680784189e-11
447200	1.2782222809945156e-11	1.2695948019870125e-11
447600	1.2677426955394023e-11	1.2596712025619242e-11
448000	1.2570797459122206e-11	1.2495690874357404e-11
448400	1.2462354360571456e-11	1.2392901015459346e-11
448800	1.2352117989957461e-11	1.2288359167688957e-11
449200	1.2240108961879828e-11	1.2182082315488395e-11
449600	1.2126348169108494e-11	1.2074087705217158e-11
450000	1.201085677608909e-11	1.1964392841342567e-11
450400	1.1893656212537936e-11	1.1853015482582848e-11
450800	1.177476816694001e-11	1.1739973638004227e-11
451200	1.1654214580100907e-11	1.162528556307333e-11
451600	1.1532017638480238e-11	1.150896975566627e-11
452000	1.1408199767679584e-11	1.1391044952035757e-11
452400	1.1282783625829278e-11	1.1271530122737621e-11
452800	1.1155792096892634e-11	1.115044446851815e-11
453200	1.1027248284058505e-11	1.1027807416163573e-11
453600	1.0897175503045623e-11	1.0903638614313172e-11
454000	1.0765597275416961e-11	1.0777957929237372e-11
454400	1.0632537321850048e-11	1.0650785440582233e-11
454800	1.0498019555454405e-11	1.05221414370818e-11
455200	1.0362068075033723e-11	1.0392046412239717e-11
455600	1.0224707158386957e-11	1.0260521059981513e-11
456000	1.008596125557497e-11	1.0127586270279064e-11
456400	9.945854982216895e-12	9.99326312474861e-12
456800	9.804413112794632e-12	9.857572892223809e-12
457200	9.661660573942786e-12	9.720537024305274e-12
457600	9.5176224377887e-12	9.582177150888013e-12
458000	9.372323915291635e-12	9.442515075668285e-12
458400	9.225790349574546e-12	9.301572771631259e-12
458800	9.078047209358865e-12	9.15937237652096e-12
459200	8.929120082320444e-12	9.015936188293979e-12
459600	8.779034668558839e-12	8.871286660558336e-12
460000	8.627816774046712e-12	8.725446397999002e-12
460400	8.475492304160373e-12	8.5784381517915e-12
460800	8.322087257178294e-12	8.43028481500502e-12
461200	8.167627717894382e-12	8.281009417996522e-12
461600	8.012139851218894e-12	8.130635123797225e-12
462000	7.855649895849722e-12	7.97918522349292e-12
462400	7.698184157976475e-12	7.826683131599545e-12
462800	7.539769005032649e-12	7.67315238143543e-12
463200	7.38043085952928e-12	7.518616620491616e-12
463600	7.2201961928916716e-12	7.363099605801662e-12
464000	7.059091519385255e-12	7.206625199312317e-12
464400	6.897143390086321e-12	7.049217363256472e-12
464800	6.734378386917618e-12	6.89090015552973e-12
465200	6.570823116756633e-12	6.731697725071984e-12
465600	6.406504205554939e-12	6.571634307255357e-12
466000	6.241448292602265e-12	6.410734219279832e-12
466400	6.075682024775524e-12	6.249021855577926e-12
466800	5.909232050930688e-12	6.0865216832296994e-12
467200	5.742125016288292e-12	5.9232582373894306e-12
467600	5.574387556962871e-12	5.75925611672524e-12
468000	5.406046294498538e-12	5.594539978872939e-12
468400	5.237127830540933e-12	5.429134535905367e-12
468800	5.067658741530749e-12	5.263064549818475e-12
469200	4.897665573501754e-12	5.096354828035375e-12
469600	4.7271748369464965e-12	4.9290302189295826e-12
470000	4.556213001763806e-12	4.761115607368647e-12
470400	4.384806492293488e-12	4.5926359102793534e-12
470800	4.212981682410828e-12	4.4236160722356644e-12
471200	4.040764890716317e-12	4.254081061070544e-12
471600	3.868182375808208e-12	4.084055863512798e-12
472000	3.695260331631211e-12	3.913565480850032e-12
472400	3.5220248829115766e-12	3.7426349246188295e-12
472800	3.348502080675164e-12	3.5712892123232036e-12
473200	3.1747178978536247e-12	3.3995533631823944e-12
473600	3.0006982249639212e-12	3.227452393909018e-12
474000	2.826468865891e-12	3.0550113145185944e-12
474400	2.652055533745099e-12	2.8822551241714287e-12
474800	2.4774838468010662e-12	2.7092088070478163e-12
475200	2.3027793245328098e-12	2.5358973282575162e-12
475600	2.1279673837345567e-12	2.3623456297844084e-12
476000	1.9530733347179325e-12	2.188578626467237e-12
476400	1.7781223776099308e-12	2.0146212020173094e-12
476800	1.6031395987264324e-12	1.840498205074013e-12
477200	1.428149967037931e-12	1.6662344452989563e-12
477600	1.2531783307209453e-12	1.4918546895095646e-12
478000	1.0782494137945779e-12	1.3173836578528867e-12
478400	9.033878128462614e-13	1.1428460200203548e-12
478800	7.286179938406037e-13	9.682663915043803e-13
479200	5.539642890155341e-13	7.936693298970942e-13
479600	3.794508938640277e-13	6.190793312324473e-13
480000	2.0510186420081298e-13	4.4452082637191694e-13
480400	3.094111331341616e-14	2.7001817743462145e-13
480800	-1.4300759080186407e-13	9.559567427240897e-14
481200	-3.167206281189982e-13	-7.872246900949567e-14
481600	-4.901745291813526e-13	-2.529121174857355e-13
482000	-6.633459776153464e-13	-4.269492187974312e-13
482400	-8.362118125608511e-13	-6.008098064916567e-13
482800	-1.008749031026042e-12	-7.74470003313306e-13
483200	-1.1809347901513344e-12	-9.479060244489047e-13
483600	-1.3527464094009008e-12	-1.1210941807219441e-12
484000	-1.524161372680365e-12	-1.2940108817393433e-12
484400	-1.6951573303577045e-12	-1.4666326389886738e-12
484800	-1.8657121012178257e-12	-1.6389360688857986e-12
485200	-2.035803674352108e-12	-1.8108978957726166e-12
485600	-2.2054102109459757e-12	-1.9824949548646213e-12
486000	-2.3745100460072656e-12	-2.153704195148007e-12
486400	-2.5430816900187737e-12	-2.3245026822260935e-12
486800	-2.7111038305231833e-12	-2.4948676011148538e-12
487200	-2.878555333614489e-12	-2.6647762589873615e-12
487600	-3.045415245382131e-12	-2.8342060878670057e-12
488000	-3.2116627932727316e-12	-3.0031346472693304e-12
488400	-3.3772773873764997e-12	-3.171539626792407e-12
488800	-3.542238621673142e-12	-3.339398848655646e-12
489200	-3.7065262751687915e-12	-3.5066902701870044e-12
489600	-3.870120312994704e-12	-3.673391986258557e-12
490000	-4.033000887437418e-12	-3.839482231670417e-12
490400	-4.19514833891246e-12	-4.004939383483055e-12
490800	-4.356543196838281e-12	-4.169741963298024e-12
491200	-4.517166180497749e-12	-4.333868639487199e-12
491600	-4.676998199801435e-12	-4.4972982293706035e-12
492000	-4.836020356019363e-12	-4.660009701342954e-12
492400	-4.9942139424297665e-12	-4.821982176949062e-12
492800	-5.151560444931551e-12	-4.983194932908249e-12
493200	-5.308041542579223e-12	-5.143627403088012e-12
493600	-5.463639108086859e-12	-5.3032591804270824e-12
494000	-5.618335208261599e-12	-5.462070018808182e-12
494400	-5.7721121043782025e-12	-5.620039834880695e-12
494800	-5.9249522525448646e-12	-5.777148709833554e-12
495200	-6.0768383039499744e-12	-5.933376891118654e-12
495600	-6.22775310514063e-12	-6.088704794125084e-12
496000	-6.377679698155615e-12	-6.243113003804574e-12
496400	-6.526601320729713e-12	-6.396582276248482e-12
496800	-6.674501406343701e-12	-6.5490935402167325e-12
497200	-6.821363584290076e-12	-6.700627898619109e-12
497600	-6.967171679716844e-12	-6.85116662994933e-12
498000	-7.111909713530513e-12	-7.000691189672353e-12
498400	-7.255561902381692e-12	-7.149183211565371e-12
498800	-7.39811265852958e-12	-7.296624509013007e-12
499200	-7.53954658969859e-12	-7.442997076257167e-12
499600	-7.67984849889737e-12	-7.588283089602127e-12
500000	-7.819003384174048e-12	-7.732464908575333e-12
500400	-7.956996438401297e-12	-7.875525077044531e-12
500800	-8.09381304895494e-12	-8.017446324291727e-12
501200	-8.229438797399473e-12	-8.158211566044645e-12
501600	-8.36385945914915e-12	-8.297803905466194e-12
502000	-8.497061003082432e-12	-8.436206634102643e-12
502400	-8.62902959112407e-12	-8.57340323279108e-12
502800	-8.759751577798465e-12	-8.709377372526828e-12
503200	-8.889213509795845e-12	-8.844112915291446e-12
503600	-9.017402125480264e-12	-8.977593914842026e-12
504000	-9.144304354335105e-12	-9.10980461746244e-12
504400	-9.269907316468866e-12	-9.240729462677228e-12
504800	-9.394198322049775e-12	-9.37035308392885e-12
505200	-9.517164870719092e-12	-9.498660309218999e-12
505600	-9.638794650990999e-12	-9.625636161714735e-12
506000	-9.759075539642227e-12	-9.75126586032012e-12
506400	-9.877995601086822e-12	-9.875534820214136e-12
506800	-9.99554308669491e-12	-9.99842865335566e-12
507200	-1.0111706434166229e-11	-1.0119933168956185e-11
507600	-1.0226474266800736e-11	-1.0240034373921123e-11
508000	-1.0339835392850194e-11	-1.0358718473260432e-11
508400	-1.045177880478975e-11	-1.0475971870469352e-11
508800	-1.0562293678597312e-11	-1.0591781167880039e-11
509200	-1.067136937300411e-11	-1.0706133166984882e-11
509600	-1.0778995428819623e-11	-1.0819014868732309e-11
510000	-1.0885161568093929e-11	-1.0930413473795863e-11
510400	-1.0989857693438215e-11	-1.1040316382817373e-11
510800	-1.1093073887219416e-11	-1.114871119662501e-11
511200	-1.1194800410813164e-11	-1.125558571642703e-11
511600	-1.1295027703793416e-11	-1.1360927943982033e-11
512000	-1.1393746383197204e-11	-1.1464726081746521e-11
512400	-1.1490947242724626e-11	-1.1566968533000611e-11
512800	-1.1586621251946804e-11	-1.1667643901952631e-11
513200	-1.1680759555516074e-11	-1.1766740993823503e-11
513600	-1.1773353472412391e-11	-1.1864248814911655e-11
514000	-1.1864394495095331e-11	-1.1960156572639303e-11
514400	-1.1953874288766514e-11	-1.2054453675580837e-11
514800	-1.2041784690580278e-11	-1.2147129733474287e-11
515200	-1.2128117708801644e-11	-1.223817455721642e-11
515600	-1.2212865522130563e-11	-1.2327578158842448e-11
516000	-1.2296020478803092e-11	-1.2415330751491068e-11
516400	-1.237757509592637e-11	-1.2501422749355614e-11
516800	-1.2457522058612974e-11	-1.2585844767622124e-11
517200	-1.2535854219298722e-11	-1.2668587622395046e-11
517600	-1.2612564596920073e-11	-1.2749642330611399e-11
518000	-1.2687646376223797e-11	-1.2829000109944133e-11
518400	-1.2761092906956656e-11	-1.2906652378695405e-11
518800	-1.2832897703222308e-11	-1.2982590755680551e-11
519200	-1.2903054442643178e-11	-1.3056807060103462e-11
519600	-1.2971556965722586e-11	-1.3129293311424104e-11
520000	-1.303839927512643e-11	-1.3200041729218876e-11
520400	-1.3103575534937207e-11	-1.3269044733034531e-11
520800	-1.3167080070065806e-11	-1.3336294942236323e-11
521200	-1.3228907365460295e-11	-1.3401785175851089e-11
521600	-1.3289052065512424e-11	-1.346550845240593e-11
522000	-1.3347508973432385e-11	-1.352745798976312e-11
522400	-1.3404273050500674e-11	-1.3587627204951917e-11
522800	-1.3459339415617985e-11	-1.3646009713997918e-11
523200	-1.351270334448288e-11	-1.3702599331750517e-11
523600	-1.3564360269195222e-11	-1.3757390071709144e-11
524000	-1.361430577754919e-11	-1.3810376145848827e-11
524400	-1.3662535612509782e-11	-1.3861551964445656e-11
524800	-1.3709045671670557e-11	-1.3910912135902733e-11
525200	-1.3753832006697095e-11	-1.3958451466577131e-11
525600	-1.3796890822824363e-11	-1.4004164960608398e-11
526000	-1.3838218478368225e-11	-1.4048047819749102e-11
526400	-1.3877811484175474e-11	-1.409009544319798e-11
526800	-1.3915666503247763e-11	-1.4130303427436044e-11
527200	-1.3951780350239147e-11	-1.4168667566066264e-11
527600	-1.398614999104675e-11	-1.4205183849657116e-11
528000	-1.4018772542369121e-11	-1.4239848465590567e-11
528400	-1.4049645271323438e-11	-1.4272657797914777e-11
528800	-1.4078765595085883e-11	-1.4303608427202024e-11
529200	-1.4106131080504958e-11	-1.433269713041213e-11
529600	-1.413173944381364e-11	-1.4359920880761788e-11
530000	-1.4155588550257524e-11	-1.4385276847600156e-11
530400	-1.4177676413798291e-11	-1.4408762396290941e-11
530800	-1.4198001196904271e-11	-1.4430375088101379e-11
531200	-1.4216561210170823e-11	-1.4450112680098288e-11
531600	-1.4233354912221164e-11	-1.4467973125051532e-11
532000	-1.4248380909365194e-11	-1.4483954571345082e-11
532400	-1.4261637955471265e-11	-1.4498055362895906e-11
532800	-1.4273124951777776e-11	-1.4510274039080886e-11
533200	-1.4282840946709396e-11	-1.4520609334671955e-11
533600	-1.4290785135791652e-11	-1.4529060179779563e-11
534000	-1.4296956861454205e-11	-1.4535625699804654e-11
534400	-1.4301355613059396e-11	-1.4540305215399257e-11
534800	-1.4303981026668084e-11	-1.454309824243576e-11
535200	-1.4304832885165635e-11	-1.454400449198497e-11
535600	-1.430391111806422e-11	-1.4543023870302996e-11
536000	-1.430121580161229e-11	-1.4540156478827002e-11
536400	-1.429674715875877e-11	-1.4535402614179798e-11
536800	-1.4290505559174621e-11	-1.4528762768183309e-11
537200	-1.42824915193195e-11	-1.4520237627880877e-11
537600	-1.4272705702539245e-11	-1.4509828075568307e-11
538000	-1.4261148919098778e-11	-1.4497535188833633e-11
538400	-1.4247822126398764e-11	-1.4483360240605471e-11
538800	-1.4232726428961156e-11	-1.4467304699209892e-11
539200	-1.4215863078772432e-11	-1.4449370228435604e-11
539600	-1.4197233475313351e-11	-1.4429558687607354e-11
540000	-1.4176839165828036e-11	-1.440787213166737e-11
540400	-1.4154681845499062e-11	-1.438431281126457e-11
540800	-1.4130763357755959e-11	-1.435888317285143e-11
541200	-1.4105085694459467e-11	-1.433158585878818e-11
541600	-1.4077650996245297e-11	-1.4302423707454137e-11
542000	-1.4048461552775205e-11	-1.427139975336585e-11
542400	-1.4017519803079783e-11	-1.423851722730178e-11
542800	-1.398482833589597e-11	-1.4203779556433215e-11
543200	-1.3950389890016634e-11	-1.4167190364461038e-11
543600	-1.3914207354680722e-11	-1.4128753471758057e-11
544000	-1.3876283769955727e-11	-1.4088472895516455e-11
544400	-1.3836622327158468e-11	-1.4046352849900028e-11
544800	-1.3795226369282269e-11	-1.4002397746200756e-11
545200	-1.3752099391451262e-11	-1.3956612192999307e-11
545600	-1.3707245041404688e-11	-1.3909000996329039e-11
546000	-1.3660667119926335e-11	-1.3859569159842956e-11
546400	-1.3612369581445846e-11	-1.3808321884983267e-11
546800	-1.3562356534422014e-11	-1.3755264571152945e-11
547200	-1.3510632242017037e-11	-1.3700402815888816e-11
547600	-1.3457201122547707e-11	-1.364374241503565e-11
548000	-1.3402067750099914e-11	-1.3585289362920693e-11
548400	-1.334523685509901e-11	-1.3525049852528086e-11
548800	-1.3286713324863493e-11	-1.3463030275672604e-11
549200	-1.3226502204344892e-11	-1.3399237223172125e-11
549600	-1.316460869656434e-11	-1.3333677485018183e-11
550000	-1.3101038163412152e-11	-1.3266358050544068e-11
550400	-1.3035796126224544e-11	-1.3197286108589761e-11
550800	-1.296888826643373e-11	-1.3126469047663092e-11
551200	-1.2900320426295797e-11	-1.3053914456096495e-11
551600	-1.2830098609517932e-11	-1.297963012219861e-11
552000	-1.2758228982013158e-11	-1.2903624034400159e-11
552400	-1.2684717872573713e-11	-1.2825904381393288e-11
552800	-1.2609571773585453e-11	-1.2746479552263767e-11
553200	-1.2532797341784924e-11	-1.266535813661529e-11
553600	-1.245440139893876e-11	-1.2582548924685144e-11
554000	-1.2374390932655554e-11	-1.2498060907450542e-11
554400	-1.229277309710213e-11	-1.2411903276724872e-11
554800	-1.2209555213736472e-11	-1.2324085425243089e-11
555200	-1.2124744772131792e-11	-1.2234616946735518e-11
555600	-1.2038349430687729e-11	-1.2143507635989304e-11
556000	-1.19503770174351e-11	-1.2050767488896727e-11
556400	-1.1860835530823474e-11	-1.195640670248959e-11
556800	-1.1769733140463308e-11	-1.1860435674958942e-11
557200	-1.1677078187949964e-11	-1.1762865005659291e-11
557600	-1.1582879187640807e-11	-1.166370549509656e-11
558000	-1.1487144827419677e-11	-1.156296814489898e-11
558400	-1.1389883969508119e-11	-1.1460664157770076e-11
558800	-1.1291105651259472e-11	-1.1356804937423013e-11
559200	-1.1190819085925871e-11	-1.1251402088495454e-11
559600	-1.1089033663449209e-11	-1.1144467416444097e-11
560000	-1.0985758951268853e-11	-1.1036012927418164e-11
560400	-1.0881004695039437e-11	-1.092605082811094e-11
560800	-1.0774780819464183e-11	-1.0814593525588606e-11
561200	-1.066709742905535e-11	-1.0701653627095563e-11
561600	-1.0557964808854157e-11	-1.0587243939835381e-11
562000	-1.0447393425255775e-11	-1.0471377470726648e-11
562400	-1.033539392669135e-11	-1.0354067426132835e-11
562800	-1.0221977144404285e-11	-1.0235327211565431e-11
563200	-1.0107154093179781e-11	-1.0115170431359529e-11
563600	-9.990935972044446e-12	-9.993610888321033e-12
564000	-9.87333416498191e-12	-9.870662583344803e-12
564400	-9.754360241630926e-12	-9.746339715002792e-12
564800	-9.634025957985145e-12	-9.620656679101548e-12
565200	-9.512343257019972e-12	-9.493628068208211e-12
565600	-9.389324269346768e-12	-9.365268671144284e-12
566000	-9.264981313902596e-12	-9.235593472446374e-12
566400	-9.139326898487033e-12	-9.10461765179322e-12
566800	-9.012373720425046e-12	-8.972356583398193e-12
567200	-8.884134667113302e-12	-8.83882583536657e-12
567600	-8.754622816580325e-12	-8.704041169016862e-12
568000	-8.623851438017594e-12	-8.568018538165452e-12
568400	-8.491833992293162e-12	-8.430774088373868e-12
568800	-8.358584132473428e-12	-8.292324156157992e-12
569200	-8.224115704221146e-12	-8.152685268158485e-12
569600	-8.088442746288233e-12	-8.011874140271827e-12
570000	-7.951579490892323e-12	-7.869907676741257e-12
570400	-7.813540364114288e-12	-7.726802969206993e-12
570800	-7.67433998623419e-12	-7.582577295715099e-12
571200	-7.533993172066138e-12	-7.437248119684391e-12
571600	-7.392514931229588e-12	-7.29083308883076e-12
572000	-7.249920468417555e-12	-7.143350034048357e-12
572400	-7.1062251836050304e-12	-6.994816968247034e-12
572800	-6.961444672243159e-12	-6.845252085145521e-12
573200	-6.815594725395129e-12	-6.694673758019783e-12
573600	-6.66869132986214e-12	-6.543100538406036e-12
574000	-6.5207506682265355e-12	-6.390551154757935e-12
574400	-6.371789118909616e-12	-6.237044511057429e-12
574800	-6.2218232561383115e-12	-6.08259968537884e-12
575200	-6.070869849909753e-12	-5.927235928405692e-12
575600	-5.9189458658838e-12	-5.7709726618998986e-12
576000	-5.766068465216911e-12	-5.613829477122857e-12
576400	-5.612255004414486e-12	-5.4558261332080995e-12
576800	-5.45752303506374e-12	-5.29698255548512e-12
577200	-5.3018903035510285e-12	-5.1373188337540204e-12
577600	-5.145374750726226e-12	-4.9768552205106694e-12
578000	-4.98799451152947e-12	-4.815612129122058e-12
578400	-4.8297679145101e-12	-4.653610131951568e-12
578800	-4.6707134813892884e-12	-4.490869958433917e-12
579200	-4.510849926463692e-12	-4.327412493099504e-12
579600	-4.350196156019251e-12	-4.16325877354799e-12
580000	-4.1887712676682455e-12	-3.998429988370872e-12
580400	-4.0265945496333e-12	-3.832947475022929e-12
580800	-3.8636854799524344e-12	-3.6668327176423666e-12
581200	-3.700063725656784e-12	-3.5001073448195542e-12
581600	-3.5357491418446725e-12	-3.332793127314262e-12
582000	-3.3707617707424746e-12	-3.164911975721313e-12
582400	-3.205121840658442e-12	-2.9964859380846264e-12
582800	-3.0388497648892357e-12	-2.8275371974596067e-12
583200	-2.8719661405599722e-12	-2.658088069423909e-12
583600	-2.704491747402473e-12	-2.4881609995365845e-12
584000	-2.5364475464430268e-12	-2.3177785607456875e-12
584400	-2.367854678657748e-12	-2.1469634507443995e-12
584800	-2.1987344635089225e-12	-1.9757384892758e-12
585200	-2.0291083974630753e-12	-1.8041266153863974e-12
585600	-1.8589981523932603e-12	-1.6321508846285935e-12
586000	-1.6884255739311524e-12	-1.459834466212258e-12
586400	-1.5174126797370077e-12	-1.287200640105627e-12
586800	-1.3459816576930568e-12	-1.1142727940857615e-12
587200	-1.1741548640331574e-12	-9.410744207388325e-13
587600	-1.0019548213739297e-12	-7.676291144105186e-13
588000	-8.294042166879221e-13	-5.939605681068358e-13
588400	-6.565258991873186e-13	-4.2009257034574156e-13
588800	-4.833428781325302e-13	-2.4604900195988206e-13
589200	-3.098783205569888e-13	-7.185383285087852e-14
589600	-1.361555489156917e-13	1.0246888130442507e-13
590000	3.780196135231445e-14	2.76895002395304e-13
590400	2.119705843387778e-13	4.514003132656109e-13
590800	3.8632654626968156e-13	6.259605211488475e-13
591200	5.608459281865504e-13	8.005512611493247e-13
591600	7.355046687143047e-13	9.751480997688562e-13
592000	9.102785669144757e-13	1.1497265384784073e-12
592400	1.085143285219954e-12	1.3242620173340946e-12
592800	1.2600743524588733e-12	1.4987299186369058e-12
593200	1.4350471669592192e-12	1.673105570635484e-12
593600	1.6100369997460775e-12	1.847364251271295e-12
594000	1.7850189978170742e-12	2.0214811919654698e-12
594400	1.959968187511424e-12	2.195431581446596e-12
594800	2.1348594779582513e-12	2.3691905696186992e-12
595200	2.309667664619865e-12	2.5427332714686285e-12
595600	2.4843674329152234e-12	2.716034771012055e-12
596000	2.6589333619334505e-12	2.8890701252772424e-12
596400	2.833339928228451e-12	3.061814368325743e-12
596800	3.007561509713934e-12	3.2342425153091437e-12
597200	3.1815723896231443e-12	3.4063295665609623e-12
597600	3.3553467605819434e-12	3.5780505117227745e-12
598000	3.5288587287371576e-12	3.749380333903622e-12
598400	3.7020823180008145e-12	3.9202940138717465e-12
598800	3.8749914743554166e-12	4.090766534277652e-12
599200	4.0475600702665246e-12	4.260772883907481e-12
599600	4.2197619091502906e-12	4.430288061965708e-12
600000	4.391570729953904e-12	4.5992870823860445e-12
600400	4.562960211812075e-12	4.767744978169534e-12
600800	4.7339039787623455e-12	4.935636805748717e-12
601200	4.904375604584424e-12	5.102937649376777e-12
601600	5.0743486176807744e-12	5.269622625540507e-12
602000	5.243796506057826e-12	5.435666887395991e-12
602400	5.412692722390228e-12	5.601045629225837e-12
602800	5.581010689141772e-12	5.765734090916528e-12
603200	5.748723803783707e-12	5.92970756245539e-12
603600	5.915805444099383e-12	6.092941388445002e-12
604000	6.082228973509551e-12	6.255410972634541e-12
604400	6.247967746538023e-12	6.417091782466512e-12
604800	6.4129951143129184e-12	6.577959353637666e-12
605200	6.5772844301363515e-12	6.737989294672808e-12
605600	6.740809055150361e-12	6.897157291510216e-12
606000	6.903542364031264e-12	7.055439112097355e-12
606400	7.065457750786406e-12	7.212810610995564e-12
606800	7.226528634591415e-12	7.369247733992409e-12
607200	7.386728465707418e-12	7.524726522720314e-12
607600	7.546030731436277e-12	7.679223119280165e-12
608000	7.70440896217062e-12	7.832713770868474e-12
608400	7.861836737461837e-12	7.985174834406768e-12
608800	8.018287692161611e-12	8.136582781171785e-12
609200	8.173735522631095e-12	8.286914201425108e-12
609600	8.328153992951949e-12	8.436145809040816e-12
610000	8.481516941260987e-12	8.584254446129752e-12
610400	8.633798286040927e-12	8.731217087658984e-12
610800	8.784972032570111e-12	8.87701084606505e-12
611200	8.935012279248673e-12	9.021612975859529e-12
611600	9.083893224170508e-12	9.165000878225535e-12
612000	9.23158917153621e-12	9.307152105603676e-12
612400	9.37807453823123e-12	9.448044366266032e-12
612800	9.523323860367115e-12	9.587655528876738e-12
613200	9.667311799899016e-12	9.725963627037652e-12
613600	9.810013151209906e-12	9.862946863817752e-12
614000	9.951402847801812e-12	9.998583616264735e-12
614400	1.009145596887835e-11	1.0132852439897391e-11
614800	1.0230147746130547e-11	1.0265732073177304e-11
615200	1.036745357030163e-11	1.0397201441958426e-11
615600	1.0503348998013185e-11	1.0527239663913064e-11
616000	1.0637809758387593e-11	1.065582605293284e-11
616400	1.0770811759825058e-11	1.0782940123503183e-11
616800	1.0902331096656084e-11	1.0908561595049887e-11
617200	1.103234405593468e-11	1.1032670396256318e-11
617600	1.1160827124085714e-11	1.115524666934985e-11
618000	1.1287756993639173e-11	1.1276270774356035e-11
618400	1.1413110569932529e-11	1.1395723293319189e-11
618800	1.1536864977742162e-11	1.151358503448787e-11
619200	1.1658997568012035e-11	1.1629837036463909e-11
619600	1.1779485924432123e-11	1.1744460572313576e-11
620000	1.1898307870082092e-11	1.1857437153639482e-11
620400	1.2015441474019063e-11	1.1968748534611822e-11
620800	1.2130865057798881e-11	1.207837671595763e-11
621200	1.2244557202055954e-11	1.2186303948906617e-11
621600	1.2356496752911122e-11	1.2292512739092318e-11
622000	1.2466662828475839e-11	1.2396985850407141e-11
622400	1.2575034825205143e-11	1.249970630881001e-11
622800	1.2681592424231822e-11	1.2600657406085335e-11
623200	1.2786315597708764e-11	1.269982270355192e-11
623600	1.2889184615011113e-11	1.2797186035720605e-11
624000	1.2990180048873864e-11	1.2892731513899326e-11
624400	1.3089282781589552e-11	1.2986443529744344e-11
624800	1.3186474010974861e-11	1.3078306758756408e-11
625200	1.3281735256408629e-11	1.3168306163720646e-11
625600	1.3375048364677134e-11	1.3256426998088916e-11
626000	1.3466395515855996e-11	1.3342654809303522e-11
626400	1.3555759228982309e-11	1.3426975442061043e-11
626800	1.364312236781613e-11	1.350937504151517e-11
627200	1.3728468146284403e-11	1.3589840056417391e-11
627600	1.3811780134106303e-11	1.3668357242194455e-11
628000	1.3893042262090527e-11	1.3744913663961465e-11
628400	1.3972238827413266e-11	1.381949669946957e-11
628800	1.4049354498909622e-11	1.3892094041987223e-11
629200	1.4124374322053049e-11	1.396269370311391e-11
629600	1.4197283724019389e-11	1.4031284015525429e-11
630000	1.4268068518494385e-11	1.4097853635649683e-11
630400	1.4336714910478678e-11	1.416239154627204e-11
630800	1.4403209500949997e-11	1.4224887059069337e-11
631200	1.446753929130422e-11	1.4285329817071632e-11
631600	1.4529691687853527e-11	1.4343709797050775e-11
632000	1.4589654506032246e-11	1.4400017311834974e-11
632400	1.464741597463402e-11	1.4454243012548521e-11
632800	1.4702964739762857e-11	1.4506377890775866e-11
633200	1.475628986873004e-11	1.4556413280649244e-11
633600	1.480738085385603e-11	1.4604340860859127e-11
634000	1.4856227616077733e-11	1.465015265658673e-11
634400	1.4902820508376998e-11	1.4693841041357968e-11
634800	1.4947150319211344e-11	1.4735398738818034e-11
635200	1.4989208275623853e-11	1.4774818824426127e-11
635600	1.502898604632523e-11	1.4812094727069588e-11
636000	1.5066475744639038e-11	1.4847220230596923e-11
636400	1.5101669931198506e-11	1.4880189475269126e-11
636800	1.513456161653855e-11	1.4910996959128813e-11
637200	1.5165144263597735e-11	1.4939637539286584e-11
637600	1.519341178997659e-11	1.4966106433124272e-11
638000	1.5219358570067172e-11	1.499039921941452e-11
638400	1.5242979437056345e-11	1.5012511839356337e-11
638800	1.5264269684729296e-11	1.503244059752628e-11
639200	1.5283225069125544e-11	1.505018216274482e-11
639600	1.529984181004741e-11	1.5065733568857705e-11
640000	1.5314116592405727e-11	1.5079092215431914e-11
640400	1.5326046567336938e-11	1.5090255868366027e-11
640800	1.5335629353290396e-11	1.5099222660414757e-11
641200	1.5342863036798316e-11	1.5105991091627442e-11
641600	1.534774617320771e-11	1.5110560029700395e-11
642000	1.5350277787179194e-11	1.5112928710242878e-11