0	Indeterminate	Indeterminate
400	1.0708130371606592	1.0708124396203307
800	1.0708103967017313	1.0708098870436764
1200	1.0708059959669174	1.0708056327500381
1600	1.0707998350015828	1.0707996767408408
2000	1.0707919138697837	1.0707920190185902
2400	1.0707822326547043	1.070782659587276
2800	1.070770791459405	1.070771598453074
3200	1.0707575904076265	1.0707588356251
3600	1.070742629644694	1.0707443711162472
4000	1.0707259093386539	1.0707282049442592
4400	1.0707074296815573	1.0707103371329212
4800	1.0706871908907523	1.0706907677132782
5200	1.0706651932104982	1.0706694967251356
5600	1.0706414369136004	1.0706465242186014
6000	1.0706159223032123	1.0706218502557758
6400	1.0705886497148154	1.070595474912604
6800	1.0705596195182256	1.070567398280769
7200	1.0705288321198776	1.070537620469829
7600	1.0704962879651174	1.0705061416093875
8000	1.0704619875406773	1.0704729618514115
8400	1.0704259313772924	1.070438081372724
8800	1.0703881200523813	1.0704015003774994
9200	1.0703485541929043	1.0703632191000076
9600	1.0703072344783189	1.0703232378073808
10000	1.0702641616436153	1.0702815568025144
10400	1.070219336482556	1.0702381764271212
10800	1.0701727598508706	1.0701930970647917
11200	1.0701244326697794	1.0701463191443414
11600	1.0700743559293442	1.0700978431430077
12000	1.0700225306921924	1.0700476695900145
12400	1.0699689580970881	1.0699957990699873
12800	1.0699136393628057	1.0699422322266672
13200	1.0698565757919545	1.0698869697666036
13600	1.0697977687749423	1.069830012462955
14000	1.0697372197940125	1.0697713611593944
14400	1.0696749304273434	1.0697110167740786
14800	1.0696109023532159	1.069648980303681
15200	1.0695451373543228	1.0695852528275835
15600	1.0694776373220092	1.0695198355120168
16000	1.06940840426073	1.0694527296144
16400	1.0693374402923947	1.069383936487606
16800	1.0692647476609427	1.0693134575844498
17200	1.0691903287367757	1.0692412944620586
17600	1.069114186021449	1.0691674487864933
18000	1.069036322152199	1.0690919223372428
18400	1.0689567399065987	1.0690147170118507
18800	1.068875442207305	1.0689358348306321
19200	1.0687924321267062	1.0688552779413367
19600	1.0687077128916591	1.0687730486238893
20000	1.0686212878882617	1.0686891492951966
20400	1.068533160666574	1.0686035825139257
20800	1.0684433349454077	1.068516350985339
21200	1.068351814617117	1.0684274575661994
21600	1.0682586037523207	1.068336905269561
22000	1.0681637066046836	1.068244697269705
22400	1.068067127615731	1.068150836907083
22800	1.067968871419472	1.0680553276930964
23200	1.0678689428472508	1.0679581733151573
23600	1.0677673469323397	1.067859377641456
24000	1.0676640889146891	1.0677589447259679
24400	1.067559174245541	1.0676568788132956
24800	1.0674526085920046	1.067553184343542
25200	1.0673443978416908	1.0674478659572169
25600	1.0672345481071672	1.0673409285000246
26000	1.0671230657304605	1.0672323770277166
26400	1.0670099572875134	1.067122216810896
26800	1.0668952295924714	1.0670104533397184
27200	1.0667788897020478	1.066897092328657
27600	1.0666609449197355	1.0667821397211685
28000	1.06654140280001	1.0666656016943452
28400	1.0664202711523638	1.0665474846634513
28800	1.0662975580454217	1.0664277952865486
29200	1.066173271810787	1.0663065404688765
29600	1.0660474210469713	1.0661837273673558
30000	1.0659200146231307	1.0660593633949083
30400	1.065791061682769	1.065933456224761
30800	1.0656605716473067	1.0658060137946685
31200	1.0655285542195847	1.0656770443110652
31600	1.0653950193872415	1.065546556253127
32000	1.0652599774260254	1.0654145583768015
32400	1.0651234389029307	1.0652810597186622
32800	1.0649854146793307	1.0651460695997963
33200	1.0648459159138495	1.0650095976294585
33600	1.0647049540652893	1.064871653708782
34000	1.0645625408952977	1.0647322480342913
34400	1.0644186884710092	1.0645913911013516
34800	1.064273409167465	1.0644490937074655
35200	1.0641267156700367	1.06430536695558
35600	1.0639786209766022	1.0641602222571565
36000	1.0638291383996594	1.0640136713351926
36400	1.063678281568276	1.0638657262271345
36800	1.0635260644299238	1.0637163992876313
37200	1.0633725012521786	1.0635657031912413
37600	1.0632176066242418	1.0634136509349001
38000	1.063061395458375	1.0632602558403863
38400	1.0629038829911615	1.06310553155659
38800	1.0627450847846198	1.0629494920616516
39200	1.0625850167272104	1.062792151665006
39600	1.0624236950346364	1.0626335250092556
40000	1.0622611362505445	1.0624736270719037
40400	1.062097357247063	1.0623124731669895
40800	1.061932375225174	1.0621500789465457
41200	1.0617662077149739	1.061986460401927
41600	1.0615988725757144	1.0618216338649702
42000	1.0614303879957812	1.0616556160090638
42400	1.0612607724924206	1.0614884238499895
42800	1.061090044911405	1.0613200747466938
43200	1.0609182244264768	1.0611505864018527
43600	1.0607453305386525	1.0609799768622914
44000	1.0605713830754186	1.0608082645192918
44400	1.0603964021896797	1.0606354681086667
44800	1.0602204083586588	1.0604616067107602
45200	1.0600434223825435	1.0602866997502358
45600	1.0598654653830415	1.0601107669957108
46000	1.0596865588017716	1.0599338285592668
46400	1.059506724398458	1.0597559048957348
46800	1.0593259842490301	1.0595770168019014
47200	1.0591443607435167	1.0593971854154736
47600	1.0589618765838154	1.0592164322139173
48000	1.0587785547813027	1.0590347790131562
48400	1.0585944186542857	1.0588522479660383
48800	1.058409491825303	1.058668861560719
49200	1.0582237982182905	1.0584846426188135
49600	1.0580373620555612	1.0582996142934216
50000	1.057850207854676	1.0581138000669705
50400	1.0576623604251496	1.0579272237489044
50800	1.0574738448649923	1.0577399094731934
51200	1.0572846865571366	1.0575518816957075
51600	1.0570949111657018	1.0573631651913753
52000	1.056904544632115	1.0571737850512402
52400	1.056713613171097	1.0569837666792987
52800	1.0565221432665064	1.0567931357892122
53200	1.0563301616670404	1.056601918400832
53600	1.0561376953818005	1.0564101408365891
54000	1.055944771675734	1.0562178297176783
54400	1.0557514180649197	1.0560250119601435
54800	1.0555576623117426	1.0558317147707401
55200	1.055363532419927	1.055637965642685
55600	1.0551690566294425	1.0554437923512343
56000	1.0549742634112955	1.0552492229490864
56400	1.05477918146218	1.0550542857616645
56800	1.0545838396990144	1.0548590093822194
57200	1.0543882672533587	1.0546634226667864
57600	1.0541924934657143	1.0544675547289932
58000	1.0539965478797095	1.0542714349347224
58400	1.0538004602361704	1.0540750928966185
58800	1.0536042604670681	1.0538785584684478
59200	1.053407978689393	1.0536818617393298
59600	1.053211645198877	1.053485033027801
60000	1.053015290463651	1.0532881028757632
60400	1.0528189451177716	1.0530911020422715
60800	1.0526226399546772	1.0528940614972009
61200	1.052426405920514	1.0526970124147734
61600	1.0522302741074139	1.0524999861669533
62000	1.052034275746633	1.0523030143167165
62400	1.0518384422016247	1.0521061286111675
62800	1.051642804961055	1.0519093609745858
63200	1.05144739563167	1.0517127435012856
63600	1.0512522459311304	1.051516308448386
64000	1.0510573876807714	1.0513200882284823
64400	1.0508628527982684	1.0511241154021715
64800	1.0506686732902248	1.0509284226704663
65200	1.0504748812447073	1.0507330428671082
65600	1.050281508823728	1.0505380089508023
66000	1.0500885882556148	1.0503433539972804
66400	1.0498961518273882	1.050149111191344
66800	1.0497042318770067	1.0499553138187272
67200	1.0495128607856063	1.0497619952579216
67600	1.049322070969709	1.04956918897192
68000	1.0491318948732833	1.049376928499778
68400	1.048942364959908	1.049185247448236
68800	1.0487535137047308	1.048994179483111
69200	1.0485653735865366	1.0488037583207268
69600	1.0483779770796369	1.0486140177191667
70000	1.0481913566458636	1.04842499146955
70400	1.0480055447264096	1.0482367133871606
70800	1.0478205737337645	1.0480492173025926
71200	1.0476364760434673	1.047862537052716
71600	1.047453283985998	1.0476767064716876
72000	1.0472710298385557	1.047491759381887
72400	1.0470897458168242	1.0473077295847433
72800	1.0469094640667922	1.0471246508516012
73200	1.0467302166564447	1.0469425569144433
73600	1.0465520355676072	1.0467614814566915
74000	1.0463749526875823	1.0465814581038198
74400	1.046198999801012	1.0464025204140943
74800	1.0460242085815514	1.0462247018691697
75200	1.0458506105836474	1.0460480358646953
75600	1.0456782372343172	1.045872555700924
76000	1.0455071198248884	1.0456982945732527
76400	1.0453372895028217	1.0455252855628012
76800	1.0451687772634857	1.0453535616269343
77200	1.0450016139419527	1.045183155589779
77600	1.0448358302049552	1.0450141001328384
78000	1.044671456542608	1.0448464277854177
78400	1.0445085232604265	1.0446801709152567
78800	1.0443470604711578	1.044515361718989
79200	1.0441870980868275	1.0443520322127837
79600	1.044028665810697	1.044190214222879
80000	1.0438717931292687	1.0440299393761558
80400	1.043716509304459	1.043871239090838
80800	1.043562843365608	1.04371414456703
81200	1.0434108241017634	1.0435586867775262
81600	1.043260480053815	1.0434048964584037
82000	1.04311183950682	1.0432528040998696
82400	1.0429649304823156	1.0431024399370108
82800	1.042819780730727	1.0429538339406756
83200	1.0426764177237842	1.0428070158083402
83600	1.0425348686471068	1.0426620149551276
84000	1.0423951603926824	1.0425188605047158
84400	1.0422573195516038	1.0423775812805123
84800	1.0421213724067826	1.0422382057967863
85200	1.0419873449256716	1.0421007622498086
85600	1.0418552627532645	1.0419652785092621
86000	1.0417251512048988	1.0418317821094785
86400	1.0415970352593975	1.0417003002409813
86800	1.0414709395521626	1.0415708597420015
87200	1.041346888368383	1.0414434870901057
87600	1.0412249056362233	1.0413182083938184
88000	1.0411050149204162	1.0411950493846303
88400	1.040987239415535	1.0410740354087262
88800	1.040871601939644	1.0409551914190707
89200	1.040758124928007	1.0408385419675694
89600	1.0406468304267893	1.040724111197239
90000	1.0405377400869782	1.040611922834617
90400	1.040430875158297	1.0405020001821508
90800	1.0403262564833462	1.040394366110842
91200	1.040223904491756	1.0402890430529368
91600	1.0401238391944887	1.0401860529947535
92000	1.040026080178284	1.0400854174696739
92400	1.0399306466001004	1.0399871575511803
92800	1.0398375571818304	1.0398912938461444
93200	1.0397468302050719	1.0397978464882311
93600	1.0396584835058813	1.039706835131274
94000	1.039572534469931	1.0396182789431057
94400	1.039489000027541	1.0395321965992734
94800	1.0394078966488802	1.0394486062769472
95200	1.0393292403394871	1.0393675256491857
95600	1.0392530466355971	1.0392889718790357
96000	1.039179330599894	1.0392129616140584
96400	1.0391081068171966	1.0391395109808732
96800	1.039039389390404	1.0390686355799297
97200	1.0389731919364744	1.0390003504803929
97600	1.0389095275825841	1.038934670215225
98000	1.038848408962517	1.0388716087765233
98400	1.0387898482129454	1.0388111796107822
98800	1.0387338569700966	1.0387533956146093
99200	1.0386804463665205	1.0386982691305295
99600	1.038629627027722	1.0386458119427322
100000	1.0385814090694607	1.0385960352734982
100400	1.0385358020946251	1.0385489497792513
100800	1.0384928151906911	1.038504565547231
101200	1.0384524569270446	1.0384628920920664
101600	1.0384147353525839	1.038423938352673
102000	1.0383796579934705	1.038387712689339
102400	1.0383472318509683	1.0383542228809406
102800	1.0383174633994419	1.038323476122358
103200	1.0382903585845258	1.0382954790221017
103600	1.038265922821547	1.0382702376002473
104000	1.0382441609937996	1.038247757286248
104400	1.0382250774512993	1.0382280429172865
104800	1.0382086760094889	1.0382110987366122
105200	1.0381949599482163	1.038196928392202
105600	1.0381839320106387	1.0381855349353815
106000	1.0381755944027773	1.0381769208201521
106400	1.0381699487924505	1.0381710879019483
106800	1.0381669963091693	1.0381680374373712
107200	1.0381667375436665	1.038167770083643
107600	1.0381691725476812	1.0381702858983302
108000	1.0381743008340456	1.0381755843394311
108400	1.0381821213767775	1.0381836642655027
108800	1.0381926326113662	1.038194523936041
109200	1.0382058324351993	1.0382081610120388
109600	1.0382217182082467	1.0382245725568398
110000	1.0382402867537042	1.038243755037012
110400	1.0382615343589303	1.0382657043235495
110800	1.0382854567765323	1.0382904156932717
111200	1.0383120492255193	1.038317883830328
111600	1.038341306392759	1.038348102828064
112000	1.0383732224343032	1.038381066190779
112400	1.0384077909772145	1.03841676683606
112800	1.0384450051213554	1.0384551970970786
113200	1.0384848574412053	1.0384963487249967
113600	1.0385273399881374	1.0385402128918604
114000	1.0385724442925814	1.038586780193412
114400	1.038620161366384	1.038636040652151
114800	1.0386704817054708	1.0386879837207375
115200	1.0387233952924357	1.0387425982853642
115600	1.0387788915994232	1.038799872669443
116000	1.0388369595910716	1.0388597946374234
116400	1.0388975877276816	1.0389223513988426
116800	1.038960763968428	1.038987529612469
117200	1.0390264757748138	1.0390553153907334
117600	1.0390947101141275	1.0391256943041824
118000	1.039165453463215	1.039198651386289
118400	1.0392386918122605	1.0392741711383109
118800	1.0393144106686691	1.039352237534273
119200	1.0393925950612652	1.039432834026294
119600	1.039473229544451	1.0395159435499406
120000	1.0395562982025135	1.0396015485297037
120400	1.0396417846541581	1.0396896308847687
120800	1.0397296720571512	1.0397801720349278
121200	1.0398199431128987	1.0398731529064185
121600	1.0399125800714746	1.0399685539382726
122000	1.040007564736513	1.0400663550885463
122400	1.0401048784702942	1.0401665358407528
122800	1.040204502199012	1.0402690752105201
123200	1.0403064164180957	1.0403739517523007
123600	1.0404106011976535	1.0404811435662598
124000	1.040517036188037	1.040590628305257
124400	1.0406257006255346	1.0407023831820152
124800	1.0407365733381917	1.0408163849764145
125200	1.0408496327516397	1.0409326100428045
125600	1.040964856895166	1.0410510343176
126000	1.0410822234077899	1.041171633326853
126400	1.041201709544487	1.0412943821940346
126800	1.0413232921825204	1.0414192556478843
127200	1.041446947827765	1.0415462280303078
127600	1.0415726526213764	1.0416752733045926
128000	1.041700382346231	1.041806365063421
128400	1.0418301124336928	1.041939476537217
128800	1.0419618179703876	1.0420745806024863
129200	1.0420954737050538	1.0422116497902556
129600	1.0422310540555288	1.042350656294639
130000	1.0423685331157406	1.0424915719814158
130400	1.042507884662843	1.042634368396752
130800	1.042649082164359	1.0427790167759174
131200	1.042792098785551	1.0429254880522398
131600	1.0429369073966506	1.0430737528659013
132000	1.0430834805802995	1.0432237815729606
132400	1.0432317906390438	1.043375544254394
132800	1.0433818096028236	1.043529010725154
133200	1.043533509236626	1.0436841505433445
133600	1.0436868610481218	1.043840933019413
134000	1.0438418362953288	1.0439993272253194
134400	1.0439984059944563	1.0441593020038982
134800	1.0441565409276774	1.0443208259781198
135200	1.044316211651008	1.0444838675604518
135600	1.0444773885022196	1.044648394962226
136000	1.0446400416087778	1.044814376203045
136400	1.0448041408958724	1.0449817791202038
136800	1.044969656094389	1.0451505713780942
137200	1.0451365567490511	1.0453207204777257
137600	1.0453048122264583	1.0454921937661246
138000	1.04547439172321	1.0456649584457898
138400	1.045645264274095	1.0458389815842233
138800	1.045817398760258	1.0460142301233601
139200	1.0459907639173656	1.0461906708890205
139600	1.0461653283438495	1.0463682706003812
140000	1.0463410605090655	1.0465469958793516
140400	1.0465179287616488	1.0467268132600975
140800	1.0466959013376502	1.046907689198349
141200	1.0468749463688138	1.04708959008079
141600	1.0470550318908611	1.0472724822344284
142000	1.0472361258517082	1.047456331935889
142400	1.0474181961197186	1.0476411054206718
142800	1.0476012104919605	1.0478267688924132
143200	1.047785136702413	1.0480132885320539
143600	1.047969942430185	1.0482006305069753
144000	1.0481555953077681	1.0483887609801357
144400	1.0483420629291396	1.0485776461190441
144800	1.0485293128579842	1.0487672521047786
145200	1.048717312635814	1.0489575451408928
145600	1.0489060297900694	1.0491484914622609
146000	1.0490954318422252	1.0493400573438747
146400	1.0492854863157866	1.0495322091095323
146800	1.0494761607443477	1.0497249131404829
147200	1.0496674226795522	1.0499181358840048
147600	1.0498592396990067	1.050111843861851
148000	1.050051579414149	1.0503060036786365
148400	1.0502444094781258	1.0505005820301734
148800	1.0504376975935372	1.0506955457116427
149200	1.050631411520177	1.0508908616257262
149600	1.0508255190827	1.0510864967906262
150000	1.0510199881782545	1.0512824183479859
150400	1.0512147867839907	1.0514785935706847
150800	1.0514098829645897	1.051674989870571
151200	1.0516052448796223	1.0518715748060237
151600	1.051800840790953	1.0520683160894855
152000	1.051996639069955	1.052265181594786
152400	1.0521926082047421	1.052462139364444
152800	1.0523887168072563	1.0526591576167645
153200	1.0525849336202893	1.0528562047528496
153600	1.0527812275244643	1.053053249363528
154000	1.0529775675450523	1.0532502602360625
154400	1.0531739228587575	1.0534472063608105
154800	1.0533702628003943	1.053644056937723
155200	1.0535665568694503	1.0538407813826915
155600	1.0537627747365759	1.0540373493337971
156000	1.0539588862499532	1.0542337306573775
156400	1.0541548614415837	1.0544298954539988
156800	1.054350670533449	1.0546258140642522
157200	1.0545462839435709	1.054821457074418
157600	1.0547416722919727	1.055016795321986
158000	1.0549368064065012	1.0552117999010224
158400	1.055131657328567	1.0554064421673999
158800	1.055326196318739	1.0556006937438542
159200	1.0555203948622378	1.05579452652492
159600	1.0557142246742972	1.05598791268168
160000	1.0559076577054047	1.0561808246663862
160400	1.0561006661464238	1.0563732352169093
160800	1.0562932224335748	1.0565651173610375
161200	1.0564852992532967	1.0567564444206101
161600	1.0566768695469735	1.056947190015509
162000	1.0568679065155364	1.057137328067458
162400	1.0570583836239087	1.0573268328037029
162800	1.0572482746053333	1.0575156787604933
163200	1.0574375534655647	1.0577038407864126
163600	1.057626194486903	1.0578912940455611
164000	1.0578141722321024	1.0580780140205583
164400	1.058001461548126	1.0582639765153736
164800	1.0581880375697679	1.0584491576580208
165200	1.0583738757231185	1.058633533903064
165600	1.0585589517288894	1.0588170820339573
166000	1.0587432416055877	1.058999779165247
166400	1.0589267216725464	1.0591816027445695
166800	1.0591093685527913	1.0593625305545207
167200	1.0592911591757828	1.0595425407143317
167600	1.0594720707799723	1.0597216116813977
168000	1.0596520809152408	1.059899722252646
168400	1.0598311674451464	1.060076851565717
168800	1.0600093085490607	1.0602529791000042
169200	1.0601864827241163	1.0604280846775302
169600	1.0603626687870096	1.0606021484636408
170000	1.0605378458756591	1.0607751509675605
170400	1.0607119934506983	1.0609470730427806
170800	1.0608850912968149	1.0611178958872876
171200	1.0610571195239293	1.061287601043615
171600	1.0612280585682246	1.0614561703987737
172000	1.0613978891930276	1.0616235861839984
172400	1.06156659248952	1.0617898309743576
172800	1.0617341498772939	1.0619548876881817
173200	1.0619005431047777	1.0621187395863818
173600	1.062065754249456	1.0622813702715594
174000	1.0622297657180164	1.062442763687052
174400	1.0623925602462485	1.06260290411572
174800	1.0625541208988858	1.062761776178723
175200	1.0627144310691987	1.0629193648339978
175600	1.0628734744785264	1.0630756553747387
176000	1.0630312351756153	1.06323063342766
176400	1.0631876975357952	1.063384284951121
176800	1.063342846260044	1.0635365962331376
177200	1.063496666373884	1.0636875538892616
177600	1.0636491432261506	1.0638371448603214
178000	1.0638002624876	1.0639853564100312
178400	1.063950010149395	1.0641321761224833
178800	1.064098372521433	1.0642775918995113
179200	1.0642453362305309	1.0644215919579048
179600	1.06439088821854	1.0645641648265978
180000	1.0645350157402216	1.0647052993436152
180400	1.064677706361087	1.0648449846530168
180800	1.0648189479550263	1.0649832102016275
181200	1.0649587287019178	1.0651199657358048
181600	1.0650970370849933	1.0652552412979372
182000	1.0652338618881436	1.065389027222945
182400	1.0653691921931392	1.0655213141346858
182800	1.0655030173766566	1.065652092942217
183200	1.065635327107248	1.0657813548359913
183600	1.0657661113421513	1.0659090912839384
184000	1.0658953603240997	1.066035294027567
184400	1.0660230645778601	1.0661599550778122
184800	1.0661492149068221	1.0662830667109602
185200	1.066273802389385	1.0664046214643945
185600	1.066396818375361	1.0665246121323755
186000	1.066518254482139	1.0666430317616258
186400	1.0666381025908869	1.0667598736469555
186800	1.066756354842644	1.0668751313268092
187200	1.0668730036342482	1.0669887985786808
187600	1.0669880416143143	1.0671008694145971
188000	1.0671014616790384	1.0672113380764434
188400	1.0672132569680137	1.0673201990313452
188800	1.067323420859872	1.0674274469668865
189200	1.0674319469679963	1.0675330767864175
189600	1.067538829136056	1.0676370836042273
190000	1.0676440614335965	1.0677394627407852
190400	1.067747638151493	1.0678402097178559
190800	1.0678495537973804	1.0679393202536474
191200	1.0679498030910795	1.068036790257951
191600	1.068048380959963	1.0681326158272468
192000	1.068145282534297	1.0682267932398188
192400	1.0682405031424724	1.0683193189507723
192800	1.0683340383063809	1.0684101895872262
193200	1.0684258837366338	1.0684994019433594
193600	1.0685160353278216	1.0685869529755156
194000	1.0686044891536959	1.0686728397972811
194400	1.0686912414624983	1.0687570596746783
194800	1.0687762886720884	1.068839610021231
195200	1.0688596273652589	1.0689204883931869
195600	1.0689412542849208	1.0689996924846679
196000	1.0690211663293792	1.069077220122907
196400	1.069099360547589	1.0691530692634792
196800	1.0691758341344444	1.0692272379855987
197200	1.0692505844261215	1.0692997244874667
197600	1.0693236088953686	1.069370527081596
198000	1.0693949051469325	1.0694396441902767
198400	1.0694644709129282	1.069507074340996
198800	1.0695323040483542	1.069572816162026
199200	1.0695984025265446	1.0696368683779542
199600	1.0696627644347612	1.0696992298053662
200000	1.0697253879697757	1.0697598993485213
200400	1.0697862714335837	1.0698188759951872
200800	1.0698454132290813	1.0698761588124108
201200	1.0699028118559228	1.0699317469425373
201600	1.0699584659063948	1.0699856395991814
202000	1.0700123740613103	1.070037836063282
202400	1.0700645350860967	1.0700883356793205
202800	1.070114947826914	1.070137137851605
203200	1.070163611206795	1.0701842420405359
203600	1.0702105242220101	1.0702296477591517
204000	1.0702556859384103	1.070273354569626
204400	1.0702990954879417	1.0703153620799188
204800	1.0703407520651846	1.0703556699405035
205200	1.070380654924123	1.070394277841286
205600	1.0704188033748494	1.0704311855084685
206000	1.0704551967805735	1.070466392701716
206400	1.0704898345545737	1.0704998992112635
206800	1.0705227161573723	1.070531704855256
207200	1.0705538410939601	1.0705618094771134
207600	1.0705832089112635	1.07059021294315
208000	1.0706108191955581	1.070616915140132
208400	1.0706366715701294	1.0706419159730654
208800	1.0706607656931237	1.070665215363194
209200	1.070683101255276	1.0706868132458545
209600	1.0707036779781374	1.0707067095688114
210000	1.0707224956120815	1.0707249042903788
210400	1.070739553934704	1.070741397377949
210800	1.070754852749218	1.0707561888064479
211200	1.0707683918830622	1.0707692785570704
211600	1.0707801711866287	1.0707806666160622
212000	1.0707901905321267	1.070790352973675
212400	1.070798449812599	1.0707983376232406
212800	1.070804948941048	1.0708046205603485
213200	1.0708096878498414	1.0708092017823025
213600	1.0708126664900166	1.0708120812874673
214000	1.0708138848310453	1.0708132590750428
214400	1.0708133428604425	1.0708127351446997
214800	1.0708110405837803	1.0708105094966
215200	1.0708069780246061	1.0708065821313224
215600	1.070801155224777	1.070800953050155
216000	1.0707935722446784	1.07079362225532
216400	1.0707842291638192	1.0707845897505315
216800	1.0707731260813693	1.0707738555414712
217200	1.0707602631170174	1.0707614196366155
217600	1.0707456404118538	1.0707472820480537
218000	1.0707292581294934	1.0707314427925307
218400	1.0707111164572527	1.0707139018925629
218800	1.0706912156075057	1.0706946593776843
219200	1.0706695558192318	1.0706737152859194
219600	1.0706461373595992	1.0706510696652587
220000	1.070620960525794	1.0706267225753612
220400	1.070594025646913	1.0706006740893506
220800	1.0705653330860438	1.070572924295767
221200	1.0705348832423667	1.0705434733005232
221600	1.0705026765535866	1.0705123212292162
222000	1.0704687134982906	1.070479468229337
222400	1.0704329945985536	1.0704449144727333
222800	1.0703955204226028	1.0704086601581244
223200	1.0703562915876625	1.070370705513778
223600	1.070315308762838	1.0703310508002726
224000	1.0702725726722453	1.0702896963134274
224400	1.0702280840980982	1.0702466423872574
224800	1.0701818438839539	1.0702018893970546
225200	1.0701338529381799	1.0701554377626885
225600	1.0700841122373292	1.07010728795182
226000	1.0700326228298234	1.0700574404834322
226400	1.0699793858395017	1.0700058959312218
226800	1.0699244024694738	1.0699526549272933
227200	1.0698676740059314	1.0698977181658278
227600	1.069809201822111	1.0698410864068957
228000	1.069748987382276	1.0697827604802952
228400	1.0696870322458782	1.0697227412895873
228800	1.069623338071619	1.069661029816024
229200	1.0695579066218135	1.0695976271227892
229600	1.0694907397665951	1.0695325343590936
230000	1.0694218394883352	1.0694657527644975
230400	1.0693512078860432	1.0693972836732037
230800	1.0692788471798509	1.0693271285184713
231200	1.0692047597155354	1.0692552888370583
231600	1.0691289479690547	1.0691817662737058
232000	1.06905141455125	1.0691065625857865
232400	1.0689721622123782	1.0690296796478047
232800	1.0688911938468437	1.0689511194561157
233200	1.0688085124978983	1.0688708841336088
233600	1.068724121362367	1.0687889759344655
234000	1.0686380237953736	1.0687053972488898
234400	1.0685502233151105	1.0686201506079356
234800	1.0684607236076118	1.0685332386883495
235200	1.068369528531515	1.068444664317393
235600	1.0682766421228165	1.068354430477719
236000	1.068182068599652	1.06826254031226
236400	1.0680858123670818	1.0681689971291493
236800	1.0679878780217669	1.068073804406576
237200	1.0678882703567816	1.067976965797753
237600	1.0677869943662321	1.0678784851357541
238000	1.067684055250007	1.0677783664384912
238400	1.0675794584184017	1.0676766139135698
238800	1.067473209496694	1.067573231963144
239200	1.06736531432976	1.0674682251888332
239600	1.0672557789866377	1.0673615983965818
240000	1.0671446097649147	1.067253356601401
240400	1.0670318131952254	1.0671435050322204
240800	1.0669173960456515	1.0670320491366831
241200	1.066801365325957	1.0669189945857864
241600	1.0666837282919	1.0668043472786337
242000	1.06656449244943	1.0666881133470887
242400	1.0664436655587124	1.0665702991602823
242800	1.0663212556382888	1.0664509113292935
243200	1.0661972709689445	1.0663299567115359
243600	1.0660717200976066	1.0662074424152284
244000	1.065944611841162	1.0660833758037833
244400	1.065815955290104	1.0659577645000722
244800	1.0656857598122094	1.0658306163907276
245200	1.0655540350559705	1.065701939630225
245600	1.0654207909540598	1.0655717426450488
246000	1.0652860377266273	1.065440034137658
246400	1.065149785884477	1.0653068230904208
246800	1.0650120462321684	1.0651721187694494
247200	1.0648728298710282	1.0650359307283825
247600	1.0647321482019532	1.0648982688119863
248000	1.064590012928208	1.0647591431597603
248400	1.0644464360580455	1.0646185642094028
248800	1.0643014299071685	1.0644765427001188
249200	1.0641550071011472	1.0643330896759244
249600	1.0640071805776543	1.0641882164887693
250000	1.0638579635885914	1.0640419348015795
250400	1.0637073697020556	1.063894256591159
250800	1.0635554128042235	1.0637451941510234
251200	1.063402107101041	1.0635947600940574
251600	1.063247467119798	1.0634429673550658
252000	1.0630915077106071	1.063289829193259
252400	1.0629342440476401	1.0631353591944988
252800	1.0627756916303148	1.0629795712735095
253200	1.0626158662843124	1.0628224796759387
253600	1.0624547841624006	1.0626640989802243
254000	1.062292461745179	1.0625044440994058
254400	1.0621289158416432	1.0623435302827675
254800	1.0619641635895674	1.062181373117284
255200	1.061798222455803	1.0620179885290226
255600	1.0616311102363793	1.0618533927843345
256000	1.061462845056453	1.0616876024909074
256400	1.061293445370114	1.0615206345986818
256800	1.0611229299600637	1.0613525064006375
257200	1.0609513179370822	1.0611832355333664
257600	1.060778628739367	1.0610128399775538
258000	1.060604882131757	1.0608413380582868
258400	1.0604300982047299	1.0606687484451933
258800	1.060254297373291	1.0604950901524344
259200	1.060077500375695	1.060320382538548
259600	1.059899728272005	1.0601446453061092
260000	1.059721002442502	1.0599678985012533
260400	1.059541344585948	1.0597901625130288
260800	1.05936077671768	1.059611458072605
261200	1.0591793211675524	1.059431806252267
261600	1.058997000577725	1.0592512284643119
262000	1.0588138379003176	1.0590697464597492
262400	1.058629856394872	1.0588873823268237
262800	1.0584450796256937	1.058704158489408
263200	1.0582595314590455	1.058520097705202
263600	1.0580732360601521	1.0583352230637815
264000	1.0578862178901136	1.0581495579844822
264400	1.0576985017026064	1.0579631262141098
264800	1.057510112540497	1.0577759518244871
265200	1.0573210757322615	1.0575880592098545
265600	1.0571314168882968	1.0573994730840728
266000	1.056941161897063	1.0572102184776884
266400	1.0567503369210924	1.057020320734829
266800	1.0565589683928667	1.0568298055099243
267200	1.0563670830105425	1.0566386987642842
267600	1.0561747077335484	1.0564470267624906
268000	1.055981869778034	1.0562548160686493
268400	1.0557885966122074	1.0560620935424678
268800	1.0555949159515117	1.0558688863351784
269200	1.0554008557536971	1.0556752218853014
269600	1.0552064442137525	1.0554811279142606
270000	1.0550117097587046	1.0552866324218173
270400	1.0548166810423105	1.0550917636813724
270800	1.0546213869396073	1.0548965502351066
271200	1.0544258565413593	1.0547010208889696
271600	1.0542301191483747	1.0545052047075174
272000	1.054034204265718	1.0543091310085844
272400	1.0538381415967861	1.0541128293578403
272800	1.053641961037315	1.0539163295631808
273200	1.0534456926692208	1.0537196616689575
273600	1.0532493667543876	1.0535228559500969
274000	1.053053013728331	1.0533259429060717
274400	1.0528566641937294	1.0531289532547004
274800	1.052660348913916	1.0529319179258578
275200	1.0524640988062255	1.0527348680550161
275600	1.0522679449352614	1.0525378349766654
276000	1.052071918506098	1.0523408502176212
276400	1.0518760508573293	1.052143945490144
276800	1.0516803734541105	1.051947152685027
277200	1.05148491788105	1.0517505038644663
277600	1.051289715835085	1.0515540312548926
278000	1.0510947991181763	1.0513577672395873
278400	1.0509001996300649	1.051161744351299
278800	1.050705949360856	1.0509659952646637
279200	1.0505120803835453	1.0507705527885245
279600	1.0503186248465362	1.0505754498581967
280000	1.0501256149659906	1.0503807195275303
280400	1.049933083018258	1.0501863949610044
280800	1.04974106133211	1.0499925094255944
281200	1.0495495822810037	1.0497990962826211
281600	1.0493586782752586	1.0496061889794728
282000	1.0491683817541975	1.0494138210412651
282400	1.0489787251782399	1.0492220260623863
282800	1.048789741020935	1.049030837697973
283200	1.0486014617609796	1.0488402896553077
283600	1.0484139198741773	1.0486504156851366
284000	1.0482271478253915	1.048461249572921
284400	1.0480411780604095	1.0482728251299895
284800	1.0478560429978618	1.048085176184686
285200	1.0476717750210134	1.0478983365733632
285600	1.0474884064696601	1.0477123401314243
286000	1.0473059696318407	1.047527220684194
286400	1.047124496735738	1.0473430120378702
286800	1.0469440199413313	1.0471597479702586
287200	1.0467645713322506	1.0469774622216392
287600	1.0465861829075107	1.0467961884854848
288000	1.046408886573208	1.046615960399111
288400	1.0462327141343617	1.0464368115344427
288800	1.0460576972865718	1.0462587753885635
289200	1.0458838676078452	1.0460818853743912
289600	1.0457112565502933	1.0459061748112162
290000	1.0455398954319772	1.0457316769153322
290400	1.045369815428619	1.0455584247905378
290800	1.0452010475654299	1.045386451418698
291200	1.0450336227089472	1.0452157896502994
291600	1.0448675715588525	1.0450464721949666
292000	1.044702924639817	1.0448785316119669
292400	1.0445397122934588	1.044712000300827
292800	1.0443779646701794	1.0445469104917806
293200	1.0442177117211964	1.0443832942364066
293600	1.0440589831904787	1.0442211833981485
294000	1.0439018086068161	1.0440606096429372
294400	1.0437462172758543	1.043901604429781
294800	1.0435922382722467	1.0437441990014413
295200	1.0434399004317976	1.0435884243750815
295600	1.0432892323436747	1.0434343113329905
296000	1.0431402623426835	1.0432818904133117
296400	1.0429930185015854	1.043131191900872
296800	1.042847528623467	1.042982245817981
297200	1.0427038202342092	1.0428350819153627
297600	1.0425619205749241	1.042689729663026
298000	1.0424218565946348	1.0425462182413934
298400	1.0422836549427936	1.0424045765322323
298800	1.0421473419620662	1.042264833109872
299200	1.0420129436810919	1.0421270162323761
299600	1.0418804858073323	1.0419911538328208
300000	1.0417499937200136	1.0418572735106382
300400	1.041621492463172	1.0417254025230864
300800	1.041495006738682	1.0415955677767028
301200	1.0413705608995223	1.0414677958189686
301600	1.0412481789430303	1.0413421128300124
302000	1.0411278845042018	1.0412185446143267
302400	1.0410097008492507	1.041097116592763
302800	1.0408936508690925	1.040977853794469
303200	1.0407797570729846	1.0408607808489674
303600	1.0406680415823388	1.040745921978454
304000	1.0405585261245542	1.0406333009900766
304400	1.0404512320268557	1.0405229412682877
304800	1.0403461802105658	1.040414865767603
305200	1.0402433911850661	1.0403090970050854
305600	1.0401428850422043	1.0402056570532876
306000	1.0400446814506223	1.0401045675331266
306400	1.0399487996503125	1.0400058496070061
306800	1.0398552584471399	1.0399095239719476
307200	1.0397640762076685	1.0398156108530043
307600	1.0396752708539883	1.0397241299967364
308000	1.039588859858659	1.0396351006648146
308400	1.0395048602398111	1.039548541627786
308800	1.0394232885564572	1.039464471159112
309200	1.0393441609037042	1.0393829070290987
309600	1.0392674929083017	1.0393038664992214
310000	1.0391932997242324	1.0392273663164953
310400	1.0391215960284679	1.039153422708045
310800	1.0390523960167988	1.0390820513758114
311200	1.0389857133998248	1.0390132674913937
311600	1.0389215613991327	1.0389470856911682
312000	1.0388599527435658	1.0388835200714828
312400	1.03880089966556	1.0388225841839955
312800	1.0387444138977586	1.0387642910312966
313200	1.0386905066697105	1.0387086530626726
313600	1.0386391887045923	1.0386556821699011
314000	1.0385904702163034	1.0386053896834893
314400	1.038544360906511	1.0385577863688835
314800	1.0385008699618694	1.038512882422892
315200	1.0384600060515123	1.0384706874704173
315600	1.0384217773245006	1.0384312105612055
316000	1.0383861914076125	1.038394460166948
316400	1.0383532554031119	1.0383604441784242
316800	1.0383229758867045	1.0383291699028634
317200	1.038295358905802	1.0383006440616718
317600	1.0382704099776727	1.0382748727880715
318000	1.0382481340879781	1.0382518616251675
318400	1.038228535689251	1.038231615524025
318800	1.0382116186997363	1.038214138842125
319200	1.0381973865022434	1.0381994353418955
319600	1.0381858419431402	1.0381875081894087
320000	1.038176987331666	1.0381783599534637
320400	1.0381708244390748	1.0381719926045425
320800	1.0381673544983636	1.038168407514367
321200	1.0381665782037348	1.038167605455278
321600	1.038168495710527	1.0381695866000977
322000	1.0381731066350481	1.0381743505219498
322400	1.0381804100548848	1.0381818961946017
322800	1.038190404508898	1.0381922219925466
323200	1.0382030879978608	1.0382053256917494
323600	1.0382184579848917	1.0382212044702623
324000	1.0382365113962555	1.0382398549092249
324400	1.0382572446221903	1.0382612729939709
324800	1.0382806535179443	1.0382854541153455
325200	1.0383067334049443	1.038312393071239
325600	1.0383354790721522	1.0383420840683226
326000	1.0383668847775085	1.0383745207239392
326400	1.0384009442495645	1.0384096960682119
326800	1.0384376506892943	1.0384476025463725
327200	1.0384769967719623	1.038488232021205
327600	1.0385189746493004	1.0385315757758211
328000	1.0385635759516032	1.0385776245164067
328400	1.0386107917901504	1.0386263683753456
328800	1.0386606127597997	1.038677796914531
329200	1.0387130289415596	1.0387318991287064
329600	1.0387680299053632	1.0387886634490724
330000	1.038825604713169	1.0388480777472058
330400	1.038885741921887	1.0389101293389034
330800	1.0389484295867322	1.038974804988438
331200	1.0390136552645215	1.039042090912824
331600	1.0390814060172087	1.0391119727863567
332000	1.0391516684155944	1.0391844357453346
332400	1.0392244285430456	1.0392594643928645
332800	1.0392996719993919	1.0393370428038515
333200	1.039377383905112	1.039417154530309
333600	1.0394575489053863	1.0394997826065722
334000	1.0395401511744768	1.039584909554887
334400	1.039625174420194	1.0396725173910828
334800	1.0397126018884844	1.0397625876304137
335200	1.03980241636808	1.0398551012934907
335600	1.039894600195368	1.03995003891245
336000	1.0399891352593231	1.0400473805372203
336400	1.0400860030066679	1.0401471057420186
336800	1.0401851844469512	1.0402491936318363
337200	1.0402866601579157	1.0403536228491719
337600	1.040390410290963	1.0404603715809342
338000	1.0404964145766744	1.040569417565393
338400	1.0406046523304213	1.040680738099252
338800	1.0407151024582089	1.0407943100449573
339200	1.040827743462542	1.0409101098380622
339600	1.040942553448371	1.0410281134946682
340000	1.0410595101292293	1.0411482966190908
340400	1.0411785908333504	1.041270634411495
340800	1.0412997725100857	1.0413951016758602
341200	1.041423031736194	1.0415216728278212
341600	1.0415483447223344	1.04165032190272
342000	1.0416756873197184	1.0417810225638215
342400	1.0418050350267098	1.0419137481104872
342800	1.0419363629956728	1.042048471486599
343200	1.0420696460396899	1.0421851652888716
343600	1.042204858639631	1.0423238017754841
344000	1.0423419749510918	1.0424643528746063
344400	1.0424809688115633	1.042606790193161
344800	1.0426218137474654	1.042751085025443
345200	1.0427644829815568	1.0428972083620844
345600	1.042908949440183	1.0430451308989062
346000	1.043055185760678	1.043194823045865
346400	1.0432031642988004	1.043346254936074
346800	1.0433528571362665	1.0434993964348689
347200	1.043504236088391	1.0436542171490069
347600	1.0436572727116726	1.0438106864357901
348000	1.0438119383114892	1.0439687734122758
348400	1.0439682039499047	1.0441284469645966
348800	1.0441260404534434	1.0442896757572442
349200	1.0442854184209496	1.044452428242385
349600	1.0444463082315272	1.044616672669294
350000	1.04460868005241	1.0447823770936508
350400	1.0447725038470226	1.0449495093870425
350800	1.0449377493829832	1.0451180372463762
351200	1.0451043862401208	1.0452879282032819
351600	1.0452723838186284	1.045459149633636
352000	1.04544171134714	1.0456316687669769
352400	1.0456123378909068	1.0458054526960179
352800	1.0457842323599527	1.0459804683860794
353200	1.0459573635172483	1.0461566826845468
353600	1.0461316999869477	1.0463340623303456
354000	1.0463072102625914	1.0465125739633656
354400	1.0464838627153408	1.0466921841338792
354800	1.0466616256022454	1.0468728593119607
355200	1.0468404670744424	1.0470545658968304
355600	1.0470203551854769	1.0472372702262565
356000	1.0472012578994756	1.0474209385857978
356400	1.0473831430994547	1.0476055372181476
356800	1.0475659785955407	1.0477910323323503
357200	1.0477497321331803	1.047977390112985
357600	1.0479343714014162	1.048164576729353
358000	1.0481198640410438	1.0483525583445523
358400	1.0483061776527938	1.0485413011244993
358800	1.0484932798055577	1.048730771246996
359200	1.0486811380444672	1.0489209349105748
359600	1.0488697198990447	1.0491117583434177
360000	1.0490589928912677	1.0493032078121192
360400	1.0492489245436432	1.0494952496304322
360800	1.0494394823872226	1.0496878501679203
361200	1.0496306339695438	1.049880975858497
361600	1.0498223468626102	1.050074593208954
362000	1.0500145886707644	1.0502686688073508
362400	1.0502073270385248	1.0504631693313282
362800	1.0504005296583883	1.0506580615563437
363200	1.0505941642785697	1.0508533123638089
363600	1.050788198710675	1.0510488887491192
364000	1.0509826008373242	1.0512447578295787
364400	1.0511773386197263	1.0514408868522642
364800	1.0513723801051607	1.0516372432017271
365200	1.051567693434399	1.0518337944076095
365600	1.0517632468490934	1.052030508152187
366000	1.0519590086990116	1.052227352277714
366400	1.0521549474492864	1.0524242947937454
366800	1.052351031687516	1.0526213038842565
367200	1.0525472301308223	1.0528183479147089
367600	1.0527435116328097	1.0530153954389454
368000	1.0529398451904322	1.0532124152059683
368400	1.0531361999507813	1.0534093761666146
368800	1.0533325452177842	1.0536062474800707
369200	1.05352885045878	1.0538029985202484
369600	1.0537250853110394	1.0539995988820703
370000	1.0539212195881502	1.0541960183875554
370400	1.0541172232863185	1.0543922270918185
370800	1.0543130665905496	1.0545881952888878
371200	1.0545087198807415	1.0547838935174148
371600	1.0547041537376478	1.0549792925662032
372000	1.0548993389487422	1.055174363479617
372400	1.0550942465139723	1.0553690775628348
372800	1.0552888476513702	1.0555634063869381
373200	1.0554831138025775	1.055757321793868
373600	1.055677016638226	1.055950795901215
374000	1.0558705280632095	1.0561438011068673
374400	1.0560636202218159	1.056336310093478
374800	1.0562562655027516	1.0565282958328133
375200	1.0564484365440119	1.0567197315899115
375600	1.0566401062376412	1.0569105909270888
376000	1.056831247734356	1.0571008477077954
376400	1.0570218344480216	1.0572904761003008
376800	1.057211840060007	1.0574794505812282
377200	1.0574012385233909	1.0576677459389028
377600	1.0575900040670394	1.0578553372765782
378000	1.05777811119953	1.0580422000154466
378400	1.0579655347129393	1.0582283098975331
378800	1.05815224968649	1.058413642988392
379200	1.058338231490047	1.0585981756796692
379600	1.0585234557874696	1.0587818846914592
380000	1.0587078985398126	1.0589647470745338
380400	1.0588915360083884	1.059146740212389
380800	1.0590743447576627	1.059327841823138
381200	1.0592563016580188	1.0595080299612085
381600	1.0594373838883586	1.0596872830189252
382000	1.059617568938544	1.0598655797278858
382400	1.0597968346117053	1.060042899160185
382800	1.0599751590263837	1.0602192207294916
383200	1.060152520618517	1.060394524191938
383600	1.0603288981432824	1.06056878964687
384000	1.0605042706767571	1.0607419975374082
384400	1.0606786176174727	1.0609141286508883
384800	1.0608519186877574	1.0610851641190937
385200	1.0610241539349716	1.061255085418372
385600	1.0611953037325412	1.0614238743695674
386000	1.06136534878089	1.0615915131378209
386400	1.0615342701081556	1.0617579842321672
386800	1.0617020490708047	1.0619232705050454
387200	1.0618686673540605	1.06208735515161
387600	1.0620341069721873	1.0622502217089023
388000	1.0621983502686156	1.0624118540548642
388400	1.0623613799159375	1.0625722364072503
388800	1.0625231789156937	1.0627313533223088
389200	1.0626837305980834	1.0628891896934074
389600	1.062843018621466	1.0630457307494652
390000	1.063001026971743	1.0632009620532592
390400	1.063157739961569	1.0633548694995762
390800	1.063313142229437	1.0635074393132602
391200	1.063467218738619	1.0636586580471235
391600	1.0636199547759344	1.0638085125796755
392000	1.0637713359504104	1.063956990112793
392400	1.0639213481917749	1.0641040781692137
392800	1.0640699777488198	1.0642497645899338
393200	1.0642172111876436	1.0643940375314709
393600	1.064363035389714	1.064536885463008
394000	1.0645074375498438	1.0646782971634259
394400	1.0646504051740235	1.064818261718232
394800	1.064791926077101	1.0649567685163606
395200	1.064931988380337	1.0650938072468583
395600	1.0650705805089014	1.0652293678955194
396000	1.0652076911891455	1.065363440741351
396400	1.0653433094458338	1.065496016352986
396800	1.0654774245992225	1.0656270855849823
397200	1.0656100262620096	1.0657566395740106
397600	1.065741104336254	1.0658846697350324
398000	1.065870649010074	1.0660111677572819
398400	1.0659986507543295	1.0661361256002646
398800	1.0661251003191472	1.0662595354896038
399200	1.066249988730401	1.0663813899128762
399600	1.0663733072860158	1.0665016816152957
400000	1.0664950475522808	1.066620403595434
400400	1.0666152013600014	1.066737549100797
400800	1.0667337608005838	1.0668531116233584
401200	1.066850718222055	1.066967084895052
401600	1.0669660662249647	1.0670794628831932
402000	1.0670797976582749	1.067190239785874
402400	1.0671919056151433	1.0672994100273099
402800	1.0673023834286284	1.0674069682531038
403200	1.0674112246673442	1.06751290932552
403600	1.0675184231310668	1.067617228318693
404000	1.0676239728462886	1.067719920513856
404400	1.067727868061721	1.06782098139448
404800	1.0678301032437034	1.067920406641406
405200	1.0679306730716793	1.068018192128022
405600	1.0680295724334834	1.0681143339152983
406000	1.0681267964207568	1.068208828246963
406400	1.0682223403242124	1.0683016715445495
406800	1.0683161996289414	1.0683928604025237
407200	1.06840837000965	1.0684823915833253
407600	1.0684988473259525	1.0685702620125281
408000	1.0685876276175592	1.068656468773897
408400	1.068674707099544	1.0687410091045284
408800	1.068760082157578	1.0688238803900112
409200	1.068843749343115	1.0689050801595323
409600	1.0689257053686847	1.0689846060811035
410000	1.0690059471030995	1.0690624559567496
410400	1.0690844715667382	1.0691386277177555
410800	1.069161275926831	1.0692131194199523
411200	1.0692363574927584	1.0692859292390315
411600	1.0693097137113987	1.0693570554659089
412000	1.0693813421625038	1.0694264965021418
412400	1.0694512405540593	1.0694942508553478
412800	1.0695194067178175	1.0695603171347858
413200	1.0695858386047241	1.0696246940468868
413600	1.0696505342804867	1.0696873803908804
414000	1.069713491921182	1.0697483750545218
414400	1.069774709808916	1.0698076770098504
414800	1.0698341863275391	1.0698652853090134
415200	1.0698919199584471	1.069921199080208
415600	1.0699479092764188	1.06997541752364
416000	1.0700021529455837	1.070027939907618
416400	1.0700546497154313	1.0700787655647328
416800	1.0701053984168896	1.070127893888057
417200	1.0701543979585273	1.07017532432751
417600	1.07020164732282	1.070221056386283
418000	1.0702471455625289	1.0702650896173702
418400	1.0702908917971594	1.0703074236201835
418800	1.0703328852095402	1.0703480580373
419200	1.0703731250424713	1.0703869925512626
419600	1.0704116105955332	1.070424226881558
420000	1.0704483412219528	1.070459760781623
420400	1.0704833163256047	1.0704935940360403
420800	1.0705165353581667	1.0705257264577985
421200	1.0705479978162968	1.0705561578856657
421600	1.0705777032390495	1.0705848881817293
422000	1.0706056512053308	1.0706119172290043
422400	1.0706318413314913	1.0706372449291612
422800	1.0706562732691498	1.0706608712004833
423200	1.0706789467029578	1.0706827959757674
423600	1.0706998613486522	1.0707030192004845
424000	1.0707190169512348	1.070721540831088
424400	1.0707364132831798	1.0707383608333114
424800	1.0707520501429182	1.0707534791807793
425200	1.0707659273533008	1.0707668958535332
425600	1.0707780447604331	1.070778610836969
426000	1.0707884022324008	1.0707886241206335
426400	1.0707969996583127	1.0707969356973264
426800	1.0708038369474004	1.0708035455622669
427200	1.070808914028341	1.0708084537124591
427600	1.07081223084866	1.0708116601461288
428000	1.0708137873742822	1.0708131648623065
428400	1.0708135835892794	1.0708129678606
428800	1.0708116194957344	1.0708110691410633
429200	1.0708078951137594	1.0708074687042026
429600	1.0708024104816454	1.07080216655113
430000	1.0707951656561983	1.070795162683868
430400	1.0707861607132185	1.070786457105811
430800	1.0707753957480253	1.070776049822196
431200	1.070762870876298	1.0707639408408967
431600	1.0707485862349493	1.070750130173249
432000	1.0707325419831766	1.070734617835021
432400	1.0707147383036197	1.0707174038474963
432800	1.0706951754037548	1.070698488238793
433200	1.0706738535172986	1.070677871045157
433600	1.070650772905888	1.0706555523125552
434000	1.070625933860814	1.070631532098286
434400	1.0705993367048565	1.070605810472714
434800	1.0705709817944138	1.070578387521264
435200	1.0705408695215646	1.070549263346355
435600	1.0705090003164235	1.070518438069622
436000	1.0704753746495503	1.0704859118341918
436400	1.0704399930344108	1.0704516848069885
436800	1.070402856030183	1.0704157571813937
437200	1.0703639642444445	1.070378129179786
437600	1.0703233183361296	1.070338801056336
438000	1.0702809190185076	1.070297773099831
438400	1.0702367670623816	1.070255045636716
438800	1.0701908632993005	1.0702106190341354
439200	1.070143208624868	1.0701644937030916
439600	1.0700938040023158	1.0701166701018592
440000	1.0700426504659253	1.0700671487392426
440400	1.0699897491247834	1.0700159301781742
440800	1.0699351011664513	1.0699630150392274
441200	1.0698787078608916	1.0699084040044027
441600	1.0698205705642854	1.069852097820791
442000	1.0697606907231019	1.0697940973045013
442400	1.0696990698781794	1.0697344033446008
442800	1.0696357096688314	1.0696730169071134
443200	1.0695706118371324	1.0696099390391467
443600	1.069503778232154	1.069545170873056
444000	1.0694352108143785	1.069478713630715
444400	1.069364911660056	1.0694105686278057
444800	1.0692928829656905	1.0693407372782022
445200	1.0692191270525682	1.0692692210984323
445600	1.0691436463713109	1.0691960217121712
446000	1.069066443506457	1.0691211408547614
446400	1.068987521181109	1.069044580377844
446800	1.068906882261635	1.0689663422540123
447200	1.0688245297623242	1.068886428581492
447600	1.0687404668501221	1.0688048415888474
448000	1.0686546968493762	1.0687215836397934
448400	1.0685672232465764	1.06863665723795
448800	1.0684780496951622	1.0685500650317092
449200	1.068387180020199	1.0684618098189986
449600	1.0682946182232684	1.0683718945522727
450000	1.0682003684871488	1.0682803223432944
450400	1.068104435180606	1.0681870964680629
450800	1.0680068228631192	1.0680922203717094
451200	1.0679075362896824	1.067995697673463
451600	1.067806580415408	1.0678975321714574
452000	1.067703960400286	1.0677977278477035
452400	1.0675996816138311	1.067696288872992
452800	1.0674937496396577	1.067593219611719
453200	1.0673861702801155	1.0674885246268138
453600	1.0672769495608034	1.0673822086845708
454000	1.0671660937350744	1.067274276759483
454400	1.0670536092884542	1.0671647340390138
454800	1.0669395029430522	1.0670535859284054
455200	1.0668237816618749	1.0669408380553875
455600	1.066706452653107	1.0668264962748872
456000	1.0665875233742856	1.0667105666736696
456400	1.0664670015364457	1.0665930555749532
456800	1.066344895108173	1.0664739695429728
457200	1.0662212123195576	1.0663533153874671
457600	1.0660959616661092	1.0662311001681355
458000	1.065969151912563	1.0661073311990266
458400	1.065840792096558	1.065982016052831
458800	1.0657108915323281	1.0658551625651873
459200	1.0655794598141703	1.0657267788387932
459600	1.0654465068199033	1.0655968732475654
460000	1.0653120427141802	1.0654654544406204
460400	1.0651760779517396	1.0653325313462694
460800	1.065038623280468	1.0651981131758117
461200	1.0648996897444438	1.065062209427356
461600	1.0647592886868051	1.0649248298894654
462000	1.0646174317525208	1.0647859846447514
462400	1.0644741308910393	1.0646456840733425
462800	1.064329398358809	1.0645039388562625
463200	1.0641832467216998	1.0643607599787344
463600	1.0640356888572577	1.0642161587333092
464000	1.0638867379568497	1.0640701467229294
464400	1.0637364075276854	1.0639227358638874
464800	1.0635847113946848	1.0637739383886269
465200	1.0634316637022467	1.0636237668484894
465600	1.0632772789158043	1.063472234116233
466000	1.0631215718233433	1.063319353388561
466400	1.0629645575366793	1.0631651381884006
466800	1.062806251492681	1.0630096023671527
467200	1.062646669454256	1.0628527601067121
467600	1.0624858275112907	1.0626946259214627
468000	1.0623237420813418	1.0625352146600167
468400	1.0621604299102816	1.0623745415069346
468800	1.061995908072698	1.0622126219842196
469200	1.0618301939722112	1.0620494719526923
469600	1.0616633053416016	1.0618851076132396
470000	1.061495260242799	1.0617195455078923
470400	1.0613260770667359	1.0615528025207839
470800	1.0611557745330094	1.061384895878932
471200	1.0609843716894132	1.0612158431528744
471600	1.0608118879113062	1.061045662257167
472000	1.0606383429008457	1.0608743714507118
472400	1.0604637566860282	1.0607019893369407
472800	1.0602881496196062	1.0605285348638338
473200	1.060111542377839	1.0603540273237868
473600	1.059933955959081	1.0601784863533115
474000	1.0597554116822263	1.0600019319325829
474400	1.0595759311850002	1.0598243843848358
474800	1.0593955364220697	1.0596458643755777
475200	1.0592142496630284	1.059466392911637
475600	1.0590320934902222	1.0592859913400954
476000	1.0588490907964108	1.0591046813469887
476400	1.0586652647822745	1.0589224849558991
476800	1.0584806389537882	1.0587394245263513
477200	1.0582952371194219	1.0585555227520593
477600	1.058109083387212	1.0583708026590006
478000	1.0579222021616552	1.0581852876033284
478400	1.057734618140484	1.0579990012691203
478800	1.0575463563112781	1.05781196766596
479200	1.057357441947927	1.0576242111263516
479600	1.0571679006069588	1.0574357563029757
480000	1.0569777581237174	1.0572466281657777
480400	1.0567870406083992	1.0570568519988854
480800	1.0565957744419514	1.056866453397379
481200	1.0564039862718273	1.056675458263883
481600	1.0562117030076064	1.0564838928050049
482000	1.0560189518164809	1.0562917835276036
482400	1.0558257601186014	1.0560991572349083
482800	1.0556321555822912	1.05590604102247
483200	1.0554381661191414	1.055712462273953
483600	1.0552438198789602	1.0555184486567792
484000	1.055049145244605	1.0553240281175897
484400	1.054854170826691	1.0551292288775933
484800	1.0546589254581773	1.0549340794277202
485200	1.0544634381888145	1.0547386085236383
485600	1.054267738279507	1.054542845180627
486000	1.054071855196529	1.054346818668283
486400	1.0538758186056496	1.054150558505097
486800	1.0536796583661094	1.053954094452864
487200	1.0534834045245478	1.0537574565109655
487600	1.0532870873087607	1.0535606749104958
488000	1.0530907371213971	1.0533637801082594
488400	1.0528943845335366	1.0531668027806178
488800	1.0526980602781508	1.0529697738171997
489200	1.0525017952435065	1.0527727243144804
489600	1.0523056204664494	1.052575685569243
490000	1.0521095671255964	1.0523786890718727
490400	1.0519136665344275	1.0521817664995399
490800	1.0517179501343312	1.0519849497092872
491200	1.0515224494875228	1.0517882707309372
491600	1.051327196269913	1.0515917617599269
492000	1.0511322222638606	1.05139545514999
492400	1.050937559350894	1.0511993834057405
492800	1.0507432395043195	1.0510035791751355
493200	1.0505492947818031	1.050808075241847
493600	1.0503557573178341	1.0506129045174866
494000	1.0501626593161597	1.0504181000337622
494400	1.0499700330421697	1.0502236949345256
494800	1.0497779108151517	1.050029722467679
495200	1.0495863250005928	1.0498362159770664
495600	1.0493953080023222	1.0496432088941752
496000	1.0492048922547255	1.0494507347298574
496400	1.0490151102147673	1.049258827065836
496800	1.0488259943540992	1.0490675195462462
497200	1.0486375771510656	1.0488768458690427
497600	1.048449891082624	1.0486868397772664
498000	1.0482629686163858	1.048497535050415
498400	1.0480768422024331	1.0483089654955333
498800	1.0478915442652355	1.048121164938382
499200	1.0477071071955004	1.0479341672144797
499600	1.0475235633419835	1.0477480061600988
500000	1.0473409450033426	1.047562715603235
500400	1.0471592844198636	1.0473783293544403
500800	1.04697861376528	1.0471948811977059
501200	1.046798965138541	1.0470124048812426
501600	1.0466203705555395	1.0468309341082236
502000	1.046442861940875	1.0466505025274846
502400	1.0462664711196052	1.0464711437242227
502800	1.046091229809024	1.0462928912106548
503200	1.0459171696103577	1.0461157784165862
503600	1.0457443220005327	1.0459398386800154
504000	1.0455727183240064	1.045765105237764
504400	1.0454023897844855	1.0455916112159807
504800	1.045233367436738	1.0454193896206885
505200	1.0450656821784072	1.0452484733283396
505600	1.0448993647418643	1.0450788950763577
506000	1.044734445686053	1.044910687453653
506400	1.044570955388355	1.0447438828911386
506800	1.0444089240365606	1.0445785136523371
507200	1.0442483816207517	1.0444146118238538
507600	1.0440893579253594	1.0442522093060342
508000	1.0439318825211144	1.0440913378034706
508400	1.0437759847571444	1.0439320288156504
508800	1.043621693753086	1.043774313627598
509200	1.0434690383912604	1.0436182233005669
509600	1.0433180473087849	1.0434637886626477
510000	1.0431687488899601	1.0433110402996406
510400	1.0430211712584685	1.0431600085457349
510800	1.0428753422697998	1.0430107234743888
511200	1.0427312895036533	1.04286321488918
511600	1.0425890402564748	1.0427175123147965
512000	1.0424486215339444	1.0425736449879641
512400	1.0423100600436375	1.042431641848515
512800	1.042173382187724	1.0422915315305272
513200	1.0420386140557338	1.0421533423535185
513600	1.041905781417362	1.0420171023136415
514000	1.0417749097154654	1.041882839075126
514400	1.041646024058999	1.0417505799616154
514800	1.0415191492160982	1.0416203519476692
515200	1.0413943096073395	1.0414921816504468
515600	1.0412715292988342	1.0413660953212205
516000	1.041150831995758	1.0412421188373382
516400	1.0410322410356354	1.0411202776939383
516800	1.040915779382001	1.0410005969960572
517200	1.0408014696179198	1.0408831014506017
517600	1.0406893339398144	1.0407678153586353
518000	1.0405793941512023	1.0406547626075824
518400	1.0404716716567284	1.0405439666637624
518800	1.0403661874560688	1.0404354505647782
519200	1.040262962138243	1.0403292369123427
519600	1.0401620158757519	1.0402253478649561
520000	1.0400633684189589	1.040123805130832
520400	1.0399670390906441	1.0400246299610145
520800	1.0398730467804538	1.0399278431424106
521200	1.039781409939784	1.0398334649912977
521600	1.0396921465765097	1.039741515346654
522000	1.039605274249898	1.0396520135637561
522400	1.039520810065846	1.0395649785080696
522800	1.0394387706718202	1.0394804285489014
523200	1.0393591722524957	1.0393983815537675
523600	1.039282030524904	1.0393188548822885
524000	1.0392073607342083	1.0392418653807651
524400	1.0391351776493405	1.0391674293766122
524800	1.0390654955588337	1.039095562673054
525200	1.0389983282668263	1.0390262805439883
525600	1.0389336890891496	1.0389595977289932
526000	1.0388715908495483	1.0388955284284853
526400	1.038812045876159	1.0388340862991776
526800	1.0387550659979001	1.0387752844494718
527200	1.0387006625411925	1.038719135435247
527600	1.0386488463267434	1.038665651255707
528000	1.0385996276665195	1.038614843349475
528400	1.03855301636081	1.0385667225908377
528800	1.0385090216954338	1.0385212992861248
529200	1.0384676524391534	1.0384785831703751
529600	1.0384289168411154	1.0384385834040555
530000	1.0383928226285941	1.0384013085701214
530400	1.0383593770048016	1.0383667666711751
530800	1.0383285866467373	1.0383349651267415
531200	1.038300457703477	1.0383059107709802
531600	1.038274995794223	1.038279609850232
532000	1.0382522060068895	1.0382560680211335
532400	1.0382320928965598	1.0382352903486463
532800	1.0382146604842017	1.0382172813043955
533200	1.0381999122555767	1.0382020447652325
533600	1.0381878511601699	1.0381895840118818
534000	1.0381784796104718	1.0381799017279676
534400	1.0381717994811173	1.0381729999989493
534800	1.0381678121085867	1.0381688803116709
535200	1.038166518290563	1.038167543553596
535600	1.0381679182859538	1.0381689900127742
536000	1.0381720118146396	1.0381732193775546
536400	1.0381787980576251	1.0381802307367658
536800	1.0381882756572829	1.038190022580038
537200	1.0382004427177196	1.0382025927982699
537600	1.0382152968052825	1.0382179386843007
538000	1.038232834949339	1.0382360569339004
538400	1.038253053642977	1.0382569436467057
538800	1.0382759488442168	1.038280594327744
539200	1.0383015159768862	1.0383070038886344
539600	1.0383297499321418	1.0383361666495023
540000	1.0383606450698093	1.0383680763407388
540400	1.0383941952200533	1.0384027261051507
540800	1.0384303936850214	1.038440108500118
541200	1.0384692332408594	1.0384802155001494
541600	1.038510706139657	1.0385230384994608
542000	1.0385548041117247	1.0385685683148602
542400	1.038601518367891	1.0386167951887466
542800	1.038650839602001	1.0386677087923286
543200	1.0387027579935602	1.0387212982290266
543600	1.0387572632104927	1.0387775520380484
544000	1.0388143444120812	1.0388364581981548
544400	1.0388739902520348	1.0388980041316083
544800	1.038936188881684	1.038962176708301
545200	1.03900092795334	1.0390289622500541
545600	1.0390681946237474	1.039098346535062
546000	1.0391379755577907	1.039170314802633
546400	1.039210256932117	1.0392448517578592
546800	1.0392850244392293	1.0393219415768085
547200	1.0393622632913109	1.0394015679114768
547600	1.0394419582245438	1.03948371389525
548000	1.039524093503327	1.0395683621483307
548400	1.0396086529247253	1.039655494783379
548800	1.0396956198230878	1.0397450934113959
549200	1.0397849770745362	1.0398371391474686
549600	1.0398767071020503	1.0399316126171645
550000	1.0399707918801613	1.0400284939625513
550400	1.0400672129401185	1.0401277628486971
550800	1.040165951375078	1.0402293984702433
551200	1.0402669878453177	1.0403333795580152
551600	1.0403703025837385	1.040439684385926
552000	1.0404758754013002	1.0405482907778612
552400	1.0405836856927133	1.040659176114803
552800	1.0406937124421882	1.0407723173420829
553200	1.0408059342292562	1.0408876909766487
553600	1.0409203292348108	1.041005273114636
554000	1.0410368752470756	1.0411250394388467
554400	1.0411555496678353	1.041246965226504
554800	1.0412763295187488	1.0413710253570894
555200	1.0413991914476235	1.0414971943201972
555600	1.0415241117349767	1.0416254462236347
556000	1.0416510663005578	1.041755754801505
556400	1.041780030709984	1.0418880934224293
556800	1.0419109801815565	1.0420224350979241
557200	1.0420438895930213	1.0421587524907565
557600	1.0421787334885146	1.0422970179234627
558000	1.042315486085593	1.042437203386964
558400	1.0424541212822787	1.042579280549196
558800	1.0425946126642192	1.042723220763855
559200	1.0427369335119485	1.0428689950792283
559600	1.0428810568081823	1.0430165742470716
560000	1.0430269552451614	1.043165928731534
560400	1.043174601232194	1.0433170287182372
560800	1.0433239669030763	1.0434698441232733
561200	1.0434750241236748	1.0436243446023372
561600	1.0436277444996356	1.0437804995599564
562000	1.043782099383967	1.0439382781586108
562400	1.0439380598848857	1.0440976493280911
562800	1.0440955968735575	1.0442585817747438
563200	1.044254680991953	1.0444210439907977
563600	1.0444152826607653	1.0445850042637637
564000	1.044577372087332	1.0447504306858064
564400	1.0447409192736192	1.0449172911631543
564800	1.0449058940241995	1.045085553425505
565200	1.045072265954368	1.0452551850355238
565600	1.0452400044982284	1.045426153398297
566000	1.0454090789167132	1.0455984257707198
566400	1.0455794583058509	1.0457719692710765
566800	1.04575111160483	1.0459467508884064
567200	1.0459240076042429	1.0461227374920226
567600	1.046098114954268	1.0462998958409513
568000	1.0462734021729083	1.046478192593384
568400	1.046449837654215	1.0466575943160947
568800	1.0466273896764837	1.0468380674938058
569200	1.0468060264105938	1.0470195785386536
569600	1.046985715928174	1.0472020937994626
570000	1.0471664262099012	1.0473855795711156
570400	1.0473481251537333	1.0475700021038188
570800	1.0475307805831569	1.0477553276123672
571200	1.0477143602554138	1.04794152228533
571600	1.0478988318697404	1.048128552294234
572000	1.0480841630755575	1.0483163838026535
572400	1.0482703214806774	1.0485049829752884
572800	1.048457274659462	1.048694315986941
573200	1.0486449901609807	1.0488843490314843
573600	1.048833435517117	1.0490750483307059
574000	1.0490225782506881	1.0492663801431539
574400	1.0492123858834703	1.0494583107728437
574800	1.0494028259442505	1.0496508065779475
575200	1.0495938659767823	1.04984383397936
575600	1.0497854735477476	1.0500373594692018
576000	1.0499776162546832	1.050231349619289
576400	1.050170261733771	1.0504257710894036
576800	1.0503633776676926	1.0506205906355792
577200	1.0505569317933574	1.0508157751182405
577600	1.0507508919096031	1.0510112915102705
578000	1.0509452258848089	1.051207106904932
578400	1.051139901664519	1.0514031885237842
578800	1.0513348872788792	1.0515995037243566
579200	1.0515301508501396	1.05179602000784
579600	1.051725660599999	1.051992705026606
580000	1.051921384856895	1.052189526591607
580400	1.052117292063239	1.0523864526796964
580800	1.0523133507825548	1.0525834514407904
581200	1.0525095297065328	1.0527804912049419
581600	1.052705797662026	1.0529775404892756
582000	1.0529021236179206	1.0531745680047813
582400	1.0530984766919353	1.053371542663007
582800	1.0532948261573538	1.0535684335826083
583200	1.0534911414496178	1.0537652100957646
583600	1.0536873921728473	1.0539618417544498
584000	1.0538835481062696	1.0541582983365927
584400	1.054079579210516	1.0543545498520617
584800	1.0542754556338525	1.054550566548548
585200	1.0544711477182618	1.0547463189172648
585600	1.0546666260054545	1.0549417776985404
586000	1.0548618612427436	1.0551369138872255
586400	1.055056824388809	1.0553316987379897
586800	1.0552514866193605	1.0555261037704475
587200	1.0554458193326555	1.0557201007741182
587600	1.0556397941549194	1.055913661813279
588000	1.055833382945641	1.056106759231605
588400	1.0560265578027221	1.0562993656567106
588800	1.0562192910675263	1.0564914540044859
589200	1.0564115553297848	1.0566829974833138
589600	1.0566033234323766	1.056873969598087
590000	1.0567945684759683	1.0570643441541174
590400	1.0569852638235249	1.0572540952608376
590800	1.0571753831046957	1.0574431973353562
591200	1.057364900220037	1.0576316251058697
591600	1.0575537893451246	1.0578193536148834
592000	1.0577420249345	1.058006358222282
592400	1.0579295817254852	1.0581926146082365
592800	1.058116434741863	1.0583780987759475
593200	1.0583025592973967	1.058562787054215
593600	1.0584879309992117	1.0587466560998622
594000	1.0586725257510234	1.0589296828999675
594400	1.058856319756232	1.0591118447739574
594800	1.0590392895208414	1.0592931193755104
595200	1.0592214118562562	1.0594734846943235
595600	1.05940266388191	1.0596529190576927
596000	1.0595830230277454	1.0598314011319347
596400	1.0597624670365344	1.060008909923639
596800	1.0599409739660681	1.0601854247807838
597200	1.0601185221911524	1.06036092539364
597600	1.0602950904055048	1.0605353917955702
598000	1.0604706576234246	1.060708804363612
598400	1.0606452031813867	1.060881143818943
598800	1.0608187067394093	1.06105239122716
599200	1.060991148282328	1.0612225279984229
599600	1.0611625081208473	1.0613915358873998
600000	1.0613327668925003	1.0615593969930976
600400	1.061501905562427	1.0617260937585362
600800	1.061669905423968	1.061891608970224
601200	1.0618367480991662	1.0620559257575284
601600	1.062002415539055	1.0622190275918852
602000	1.0621668900238257	1.0623808982858252
602400	1.0623301541628365	1.0625415219919145
602800	1.0624921908944576	1.0627008832014706
603200	1.0626529834857719	1.0628589667432145
603600	1.0628125155321508	1.0630157577817338
604000	1.0629707709566145	1.0631712418157913
604400	1.0631277340091096	1.063325404676546
604800	1.0632833892656168	1.0634782325255934
605200	1.0634377216270907	1.063629711852895
605600	1.0635907163183054	1.0637798294745808
606000	1.0637423588864925	1.0639285725305867
606400	1.0638926351998916	1.0640759284822117
606800	1.0640415314461316	1.0642218851095127
607200	1.0641890341304916	1.0643664305086125
607600	1.0643351300740027	1.06450955308884
608000	1.0644798064114507	1.0646512415698266
608400	1.0646230505892185	1.0647914849784124
608800	1.0647648503629876	1.064930272645483
609200	1.064905193795376	1.0650675942027077
609600	1.0650440692533456	1.0652034395791257
610000	1.0651814654056122	1.0653377989976967
610400	1.0653173712198156	1.0654706629716768
610800	1.0654517759596946	1.0656020223010094
611200	1.0655846691819895	1.0657318680684444
611600	1.0657160407334305	1.065860191635801
612000	1.0658458807474311	1.0659869846399266
612400	1.0659741796407933	1.0661122389887192
612800	1.0661009281102622	1.066235946856997
613200	1.066226117129018	1.0663581006823377
613600	1.0663497379430034	1.0664786931607946
614000	1.0664717820672676	1.066597717242624
614400	1.0665922412820663	1.0667151661278194
614800	1.0667111076290785	1.0668310332617703
615200	1.0668283734073047	1.066945312330626
615600	1.0669440311691334	1.0670579972568648
616000	1.0670580737161162	1.0671690821945974
616400	1.0671704940948363	1.0672785615249667
616800	1.0672812855925737	1.0673864298513873
617200	1.0673904417330482	1.0674926819948882
617600	1.0674979562719664	1.0675973129892764
618000	1.0676038231926135	1.067700318076363
618400	1.067708036701362	1.067801692701148
618800	1.0678105912230869	1.0679014325069207
619200	1.0679114813966537	1.0679995333304637
619600	1.0680107020702263	1.0680959911970909
620000	1.068108248296652	1.0681908023157975
620400	1.0682041153287687	1.0682839630743484
620800	1.0682982986146747	1.0683754700343429
621200	1.0683907937930381	1.068465319926359
621600	1.068481596688297	1.0685535096449852
622000	1.0685707033059497	1.068640036243991
622400	1.068658109827754	1.0687248969313998
622800	1.0687438126069475	1.0688080890646214
623200	1.0688278081635307	1.068889610145647
623600	1.0689100931794564	1.0689694578162003
624000	1.068990664493861	1.0690476298529064
624400	1.0690695190983908	1.0691241241626035
624800	1.0691466541324135	1.069198938777549
625200	1.0692220668783794	1.0692720718507802
625600	1.0692957547570994	1.0693435216514224
626000	1.0693677153231607	1.0694132865601382
626400	1.0694379462602661	1.0694813650645132
626800	1.0695064453767527	1.0695477557546427
627200	1.0695732106009803	1.0696124573185917
627600	1.0696382399769822	1.0696754685381278
628000	1.0697015316599745	1.0697367882843358
628400	1.0697630839119978	1.069796415513359
628800	1.0698228950977127	1.069854349262298
629200	1.0698809636800763	1.0699105886450362
629600	1.0699372882162657	1.0699651328482698
630000	1.0699918673535465	1.070017981127516
630400	1.0700446998253028	1.0700691328032972
630800	1.0700957844471382	1.0701185872573786
631200	1.0701451201129786	1.070166343929019
631600	1.070192705791397	1.0702124023114594
632000	1.0702385405219137	1.070256761948372
632400	1.0702826234115006	1.0702994224305322
632800	1.0703249536310802	1.0703403833924714
633200	1.0703655304121746	1.0703796445092824
633600	1.0704043530437	1.070417205493588
634000	1.0704414208688258	1.0704530660925398
634400	1.0704767332819098	1.0704872260849367
634800	1.070510289725673	1.0705196852785246
635200	1.0705420896883373	1.0705504435073139
635600	1.0705721327009954	1.0705795006290835
636000	1.0706004183350992	1.0706068565230222
636400	1.0706269462000115	1.0706325110874066
636800	1.0706517159407036	1.0706564642374494
637200	1.0706747272356523	1.0706787159033213
637600	1.0706959797947897	1.0706992660282153
638000	1.0707154733576134	1.07071811456658
638400	1.0707332076914542	1.0707352614825008
638800	1.0707491825898596	1.0707507067481807
639200	1.070763397871122	1.0707644503425517
639600	1.0707758533769527	1.0707764922500487
640000	1.070786548971308	1.0707868324595082
640400	1.0707954845393108	1.0707954709631555
640800	1.070802659986415	1.0708024077558267
641200	1.0708080752375886	1.0708076428342075
641600	1.0708117302367715	1.0708111761963202
642000	1.070813624946395	1.070813007841089