0.	Indeterminate
301.7	0.7707044359121625
603.4	0.7707853621592166
905.0999999999999	0.7709195508818383
1206.8	0.7711059766184363
1508.5	0.7713432177351203
1810.1999999999998	0.7716294701342731
2111.9	0.7719625644559086
2413.6	0.7723399864708728
2715.2999999999997	0.772758900316103
3017.	0.7732161741828597
3318.7	0.7737084080399329
3620.3999999999996	0.774231962955532
3922.1	0.7747829915739589
4223.8	0.7753574693057365
4525.5	0.7759512258019544
4827.2	0.776559976304192
5128.9	0.7771793524892665
5430.599999999999	0.7778049324619464
5732.3	0.7784322695872171
6034.	0.779056919895295
6335.7	0.7796744678360037
6637.4	0.7802805502030437
6939.099999999999	0.7808708780919764
7240.799999999999	0.7814412567974085
7542.5	0.7819876035940774
7844.2	0.7825059633826426
8145.9	0.7829925222135312
8447.6	0.7834436187308147
8749.3	0.7838557536027195
9051.	0.7842255970258802
9352.699999999999	0.7845499944070136
9654.4	0.7848259703384118
9956.1	0.7850507309928859
10257.8	0.7852216650697068
10559.5	0.7853363434261779
10861.199999999999	0.7853925175299461
11162.9	0.7853881168655086
11464.6	0.7853212454248444
11766.3	0.785190177407122
12068.	0.784993352246255
12369.699999999999	0.7847293690780546
12671.4	0.7843969807510536
12973.1	0.7839950874770435
13274.8	0.7835227302091249
13576.5	0.7829790838268305
13878.199999999999	0.782363450199753
14179.9	0.7816752511932088
14481.599999999999	0.7809140216719046
14783.3	0.7800794025504146
15085.	0.7791711339324922
15386.699999999999	0.7781890483750242
15688.4	0.7771330643066162
15990.099999999999	0.7760031796255116
16291.8	0.7747994654967624
16593.5	0.7735220603642127
16895.2	0.7721711641890102
17196.899999999998	0.7707470329229091
17498.6	0.7692499732216082
17800.3	0.7676803374007267
18102.	0.76603851863472
18403.7	0.7643249463970887
18705.399999999998	0.7625400821385442
19007.1	0.7606844151984127
19308.8	0.7587584589433832
19610.5	0.7567627471267677
19912.2	0.7546978304606802
20213.899999999998	0.7525642733929658
20515.6	0.750362651080251
20817.3	0.7480935465481984
21119.	0.7457575480298287
21420.7	0.7433552464726718
21722.399999999998	0.7408872332054856
22024.1	0.7383540977553098
22325.8	0.7357564258057223
22627.5	0.7330947972873064
22929.2	0.7303697845914974
23230.899999999998	0.7275819508991959
23532.6	0.7247318486157391
23834.3	0.7218200179040658
24136.	0.7188469853081452
24437.7	0.715813262458994
24739.399999999998	0.7127193448558383
25041.1	0.7095657107152306
25342.8	0.7063528198811492
25644.5	0.7030811127893409
25946.2	0.6997510094793674
26247.899999999998	0.6963629086480139
26549.6	0.6929171867378882
26851.3	0.6894141970552037
27153.	0.685854268910863
27454.7	0.6822377067790831
27756.399999999998	0.6785647894678888
28058.1	0.6748357692958619
28359.8	0.6710508712695756
28661.5	0.6672102922561476
28963.199999999997	0.6633142001453252
29264.899999999998	0.6593627329954621
29566.6	0.6553559981576509
29868.3	0.6512940713721539
30170.	0.6471769958311033
30471.699999999997	0.6430047812012292
30773.399999999998	0.6387774026001188
31075.1	0.634494799519194
31376.8	0.6301568746862264
31678.5	0.6257634928597833
31980.199999999997	0.6213144795474872
32281.899999999998	0.6168096196394085
32583.6	0.6122486559472257
32885.299999999996	0.60763128763905
33187.	0.6029571685589233
33488.7	0.5982259054190232
33790.4	0.593437055851452
34092.1	0.5885901263052418
34393.799999999996	0.5836845697726935
34695.5	0.5787197833275238
34997.2	0.5736951054553844
35298.9	0.5686098131551227
35600.6	0.5634631187866821
35902.299999999996	0.5582541666386649
36204.	0.5529820291853402
36505.7	0.5476457029990682
36807.4	0.5422441042798358
37109.1	0.5367760639585488
37410.799999999996	0.5312403223249702
37712.5	0.5256355231244433
38014.2	0.5199602070597688
38315.9	0.5142128046254341
38617.6	0.5083916281907577
38919.299999999996	0.5024948632359539
39221.	0.4965205586303555
39522.7	0.49046661582457574
39824.4	0.48433077680763226
40126.1	0.4781106106553681
40427.799999999996	0.47180349846692177
40729.5	0.46540661645045756
41031.2	0.4589169168764412
41332.9	0.452331106564702
41634.6	0.44564562250797857
41936.299999999996	0.4388566041567987
42238.	0.4319598617945307
42539.7	0.42495084031229263
42841.4	0.41782457754467267
43143.1	0.4105756561402675
43444.799999999996	0.4031981477042439
43746.5	0.3956855476480985
44048.2	0.38803069879312674
44349.9	0.3802257012697296
44651.6	0.37226180559380995
44953.299999999996	0.3641292849268603
45255.	0.355817281355795
45556.7	0.34731361944363937
45858.4	0.3386045781280202
46160.1	0.32967460901999157
46461.799999999996	0.32050598488332205
46763.5	0.3110783559362725
47065.2	0.3013681826333392
47366.9	0.2913480001583335
47668.6	0.28098544932709996
47970.299999999996	0.270241976368597
48272.	0.25907105194914676
48573.7	0.2474156726802112
48875.4	0.23520475687174675
49177.1	0.22234777062385958
49478.799999999996	0.2087263907117931
49780.5	0.1941809241249091
50082.2	0.17848678616842437
50383.9	0.16131037015475894
50685.6	0.14211672210353052
50987.299999999996	0.11994305612719648
51289.	0.09267674560251116
51590.7	0.05296707765142126
51892.4	0.
52194.1	0.
52495.799999999996	0.
52797.5	0.
53099.2	0.
53400.9	0.
53702.6	0.
54004.299999999996	0.
54306.	0.
54607.7	0.
54909.4	0.
55211.1	0.
55512.799999999996	0.
55814.5	0.
56116.2	0.
56417.9	0.
56719.6	0.
57021.299999999996	0.
57323.	0.
57624.7	0.
57926.399999999994	0.
58228.1	0.
58529.799999999996	0.
58831.5	0.
59133.2	0.
59434.899999999994	0.
59736.6	0.
60038.299999999996	0.
60340.	0.
60641.7	0.
60943.399999999994	0.
61245.1	0.
61546.799999999996	0.
61848.5	0.
62150.2	0.
62451.899999999994	0.
62753.6	0.
63055.299999999996	0.
63357.	0.
63658.7	0.
63960.399999999994	0.
64262.1	0.
64563.799999999996	0.
64865.5	0.
65167.2	0.
65468.899999999994	0.
65770.59999999999	0.
66072.3	0.
66374.	0.
66675.7	0.
66977.4	0.
67279.09999999999	0.
67580.8	0.
67882.5	0.
68184.2	0.
68485.9	0.
68787.59999999999	0.
69089.3	0.
69391.	0.
69692.7	0.
69994.4	0.
70296.09999999999	0.
70597.8	0.
70899.5	0.
71201.2	0.
71502.9	0.
71804.59999999999	0.
72106.3	0.
72408.	0.
72709.7	0.
73011.4	0.
73313.09999999999	0.
73614.8	0.
73916.5	0.
74218.2	0.
74519.9	0.
74821.59999999999	0.
75123.3	0.
75425.	0.
75726.7	0.
76028.4	0.
76330.09999999999	0.
76631.8	0.
76933.5	0.
77235.2	0.
77536.9	0.
77838.59999999999	0.
78140.3	0.
78442.	0.
78743.7	0.
79045.4	0.
79347.09999999999	0.
79648.8	0.
79950.5	0.
80252.2	0.
80553.9	0.
80855.59999999999	0.
81157.3	0.
81459.	0.
81760.7	0.
82062.4	0.
82364.09999999999	0.
82665.8	0.
82967.5	0.
83269.2	0.
83570.9	0.
83872.59999999999	0.
84174.3	0.
84476.	0.
84777.7	0.
85079.4	0.
85381.09999999999	0.
85682.8	0.
85984.5	0.
86286.2	0.
86587.9	0.
86889.59999999999	0.
87191.3	0.
87493.	0.
87794.7	0.
88096.4	0.
88398.09999999999	0.
88699.8	0.
89001.5	0.
89303.2	0.
89604.9	0.
89906.59999999999	0.
90208.3	0.
90510.	0.
90811.7	0.
91113.4	0.
91415.09999999999	0.
91716.8	0.
92018.5	0.
92320.2	0.
92621.9	0.
92923.59999999999	0.
93225.3	0.
93527.	0.
93828.7	0.
94130.4	0.
94432.09999999999	0.
94733.8	0.
95035.5	0.
95337.2	0.
95638.9	0.
95940.59999999999	0.
96242.3	0.
96544.	0.
96845.7	0.
97147.4	0.
97449.09999999999	0.
97750.8	0.
98052.5	0.
98354.2	0.
98655.9	0.
98957.59999999999	0.
99259.3	0.
99561.	0.
99862.7	0.
100164.4	0.
100466.09999999999	0.
100767.8	0.
101069.5	0.
101371.2	0.
101672.9	0.
101974.59999999999	0.
102276.3	0.
102578.	0.
102879.7	0.
103181.4	0.
103483.09999999999	0.
103784.8	0.
104086.5	0.
104388.2	0.
104689.9	0.
104991.59999999999	0.
105293.3	0.
105595.	0.
105896.7	0.
106198.4	0.
106500.09999999999	0.
106801.8	0.
107103.5	0.
107405.2	0.
107706.9	0.
108008.59999999999	0.
108310.3	0.
108612.	0.
108913.7	0.
109215.4	0.
109517.09999999999	0.
109818.8	0.
110120.5	0.
110422.2	0.
110723.9	0.
111025.59999999999	0.
111327.3	0.
111629.	0.
111930.7	0.
112232.4	0.
112534.09999999999	0.
112835.8	0.
113137.5	0.
113439.2	0.
113740.9	0.
114042.59999999999	0.
114344.3	0.
114646.	0.
114947.7	0.
115249.4	0.
115551.09999999999	0.
115852.79999999999	0.
116154.5	0.
116456.2	0.
116757.9	0.
117059.59999999999	0.
117361.29999999999	0.
117663.	0.
117964.7	0.
118266.4	0.
118568.09999999999	0.
118869.79999999999	0.
119171.5	0.
119473.2	0.
119774.9	0.
120076.59999999999	0.
120378.29999999999	0.
120680.	0.
120981.7	0.
121283.4	0.
121585.09999999999	0.
121886.79999999999	0.
122188.5	0.
122490.2	0.
122791.9	0.
123093.59999999999	0.
123395.29999999999	0.
123697.	0.
123998.7	0.
124300.4	0.
124602.09999999999	0.07392451037481564
124903.79999999999	0.10608837958020222
125205.5	0.13060762314033592
125507.2	0.1512456038576179
125808.9	0.16942540177197254
126110.59999999999	0.18586858447972884
126412.29999999999	0.2010007476052856
126714.	0.21509777043444622
127015.7	0.2283505076499497
127317.4	0.24089745035859297
127619.09999999999	0.2528428378148417
127920.79999999999	0.2642674340229222
128222.5	0.27523530252382405
128524.2	0.28579825807157977
128825.9	0.29599890024258785
129127.59999999999	0.30587274471895887
129429.29999999999	0.3154497599867939
129731.	0.32475550036050255
130032.7	0.33381195778130973
130334.4	0.342638213229539
130636.09999999999	0.35125094248845745
130937.79999999999	0.3596648141615611
131239.5	0.3678928067149839
131541.19999999998	0.37594646379523355
131842.9	0.38383610188836875
132144.6	0.39157098074948804
132446.3	0.3991594444378793
132748.	0.4066090389164418
133049.69999999998	0.41392661079743687
133351.4	0.4211183907944838
133653.1	0.42819006467279047
133954.8	0.43514683390679065
134256.5	0.4419934678074484
134558.19999999998	0.4487343485357628
134859.9	0.455373510149262
135161.6	0.4619146726160439
135463.3	0.46836127156281654
135765.	0.4747164843891733
136066.69999999998	0.48098325327256136
136368.4	0.4871643055012645
136670.1	0.4932621715018702
136971.8	0.4992792008697843
137273.5	0.5052175766637175
137575.19999999998	0.5110793281857592
137876.9	0.5168663424360206
138178.6	0.5225803744035915
138480.3	0.5282230563327944
138782.	0.5337959060845592
139083.69999999998	0.5393003346965698
139385.4	0.5447376532321675
139687.1	0.5501090789963075
139988.8	0.5554157411870215
140290.5	0.5606586860422414
140592.19999999998	0.5658388815346641
140893.9	0.5709572216609741
141195.6	0.5760145303663837
141497.3	0.5810115651407541
141799.	0.585949020318498
142100.69999999998	0.5908275301109288
142402.4	0.5956476713966856
142704.1	0.600409966293131
143005.8	0.6051148845293173
143307.5	0.6097628456390547
143609.19999999998	0.6143542209908093
143910.9	0.6188893356695974
144212.6	0.6233684702246562
144514.3	0.6277918622954596
144816.	0.6321597081275767
145117.69999999998	0.6364721639889434
145419.4	0.6407293474963072
145721.1	0.6449313388608644
146022.8	0.649078182061521
146324.5	0.6531698859536429
146626.19999999998	0.657206425320691
146927.9	0.6611877418757562
147229.6	0.6651137452196497
147531.3	0.6689843137619181
147833.	0.672799295610937
148134.69999999998	0.6765585094389988
148436.4	0.6802617453282254
148738.1	0.6839087656029654
149039.8	0.6874993056543065
149341.5	0.6910330747622636
149643.19999999998	0.6945097569212144
149944.9	0.6979290116741681
150246.6	0.7012904749614998
150548.3	0.7045937599898658
150850.	0.7078384581271145
151151.69999999998	0.711024139829119
151453.4	0.7141503556046259
151755.1	0.7172166370243589
152056.8	0.7202224977808088
152358.5	0.7231674348053446
152660.19999999998	0.7260509294494839
152961.9	0.7288724487373983
153263.6	0.7316314466969571
153565.3	0.7343273657768618
153867.	0.7369596383576655
154168.69999999998	0.7395276883647064
154470.4	0.7420309329912445
154772.1	0.7444687845403001
155073.8	0.7468406523939135
155375.5	0.7491459451187301
155677.19999999998	0.7513840727169769
155978.9	0.753554449032016
156280.6	0.7556564943177222
156582.3	0.757689637980949
156884.	0.7596533215062875
157185.69999999998	0.7615470015721598
157487.4	0.7633701533670566
157789.1	0.7651222741143361
158090.8	0.7668028868135288
158392.5	0.7684115442053939
158694.19999999998	0.7699478329671712
158995.9	0.7714113781433908
159297.6	0.7728018478163687
159599.3	0.7741189580189805
159901.	0.7753624778904943
160202.69999999998	0.7765322350741508
160504.4	0.7776281213527195
160806.1	0.7786500985154384
161107.8	0.779598204446547
161409.5	0.7804725594219838
161711.19999999998	0.7812733725967286
162012.9	0.7820009486607461
162314.6	0.7826556946364452
162616.3	0.7832381267850523
162918.	0.7837488775832937
163219.69999999998	0.7841887027252948
163521.4	0.7845584880976442
163823.1	0.7848592566682308
164124.8	0.7850921752217032
164426.5	0.7852585608664283
164728.19999999998	0.7853598872295836
165029.9	0.7853977902487883
165331.6	0.7853740734605018
165633.3	0.7852907126775224
165935.	0.785149859940509
166236.69999999998	0.784953846621793
166538.4	0.784705185554065
166840.1	0.7844065720521914
167141.8	0.7840608836936809
167443.5	0.7836711787226355
167745.19999999998	0.7832406929436195
168046.9	0.7827728349762466
168348.6	0.7822711797486814
168650.3	0.7817394601190492
168952.	0.7811815565282124
169253.69999999998	0.7806014846057422
169555.4	0.7800033806733093
169857.1	0.7793914851161808
170158.8	0.7787701236239946
170460.5	0.7781436863361912
170762.19999999998	0.7775166049650987
171063.9	0.7768933280100961
171365.6	0.7762782942188069
171667.3	0.7756759044949825
171969.	0.7750904924965871
172270.69999999998	0.7745262942103264
172572.4	0.7739874168292082
172874.1	0.7734778072962349
173175.8	0.7730012209086512
173477.5	0.7725611904018302
173779.19999999998	0.7721609959487366
174080.9	0.7718036365186992
174382.6	0.7714918030371999
174684.3	0.771227853775879
174986.	0.7710137923787744
175287.69999999998	0.7708512488970358
175589.4	0.7707414641605657
175891.1	0.7706852777621129
176192.8	0.7706831198685831
176494.5	0.7707350070073729
176796.19999999998	0.7708405419042312
177097.9	0.7709989173756011
177399.6	0.7712089242047403
177701.3	0.7714689628593865
178003.	0.7717770588413203
178304.69999999998	0.7721308813968908
178606.4	0.7725277652639515
178908.1	0.772964735086093
179209.8	0.7734385320904765
179511.5	0.7739456426015157
179813.19999999998	0.774482327949312
180114.9	0.7750446553288971
180416.6	0.7756285291733864
180718.3	0.7762297226203011
181020.	0.7768439086744159
181321.69999999998	0.7774666907013217
181623.4	0.7780936319220422
181925.1	0.7787202836191379
182226.8	0.779342211807322
182528.5	0.7799550221654209
182830.19999999998	0.7805543830702659
183131.9	0.7811360466157751
183433.6	0.7816958675410869
183735.3	0.7822298200294914
184037.	0.782734012374396
184338.69999999998	0.783204699539343
184640.4	0.7836382936658963
184942.1	0.7840313726059354
185243.8	0.7843806865735747
185545.5	0.7846831630267008
185847.19999999998	0.7849359098991957
186148.9	0.7851362173125763
186450.6	0.7852815579003691
186752.3	0.7853695858803535
187054.	0.785398135009282
187355.69999999998	0.7853652155521075
187657.4	0.7852690103935264
187959.1	0.7851078704140732
188260.8	0.7848803092463996
188562.5	0.7845849975200121
188864.19999999998	0.7842207566948898
189165.9	0.7837865525762401
189467.6	0.783281488594394
189769.3	0.7827047989256398
190071.	0.7820558415217516
190372.69999999998	0.7813340911082313
190674.4	0.7805391322038682
190976.1	0.7796706522072564
191277.8	0.7787284345893779
191579.5	0.7777123522253063
191881.19999999998	0.7766223608925414
192182.9	0.7754584929584076
192484.6	0.7742208512743741
192786.3	0.77290960329103
193088.	0.7715249754037934
193389.69999999998	0.770067247536177
193691.4	0.7685367479645893
193993.1	0.7669338483861818
194294.8	0.765258959229098
194596.5	0.7635125252026758
194898.19999999998	0.7616950210835942
195199.9	0.7598069477326714
195501.6	0.7578488283359783
195803.3	0.7558212048630434
196105.	0.753724634734289
196406.69999999998	0.7515596876892913
196708.4	0.7493269428470865
197010.1	0.7470269859495051
197311.8	0.744660406778323
197613.5	0.7422277967369822
197915.19999999998	0.7397297465876236
198216.9	0.7371668443342372
198518.6	0.7345396732428607
198820.3	0.731848809989897
199122.	0.7290948229298254
199423.69999999998	0.7262782704737845
199725.4	0.7233996995707203
200027.1	0.7204596442830558
200328.8	0.7174586244490581
200630.5	0.7143971444243384
200932.19999999998	0.7112756918951665
201233.9	0.7080947367564885
201535.6	0.7048547300478211
201837.3	0.7015561029403337
202139.	0.6981992657687086
202440.69999999998	0.694784607101496
202742.4	0.6913124928438783
203044.1	0.6877832653668974
203345.8	0.6841972426573206
203647.5	0.6805547174824242
203949.19999999998	0.6768559565640639
204250.9	0.673101199756421
204552.6	0.669290659221893
204854.3	0.6654245185995222
205156.	0.6615029321603717
205457.69999999998	0.6575260239441774
205759.4	0.6534938868714625
206061.1	0.6494065818252156
206362.8	0.6452641366959857
206664.5	0.6410665453840545
206966.19999999998	0.6368137667520487
207267.9	0.6325057235210071
207569.6	0.6281423011025594
207871.3	0.62372334635935
208173.	0.6192486662853726
208474.69999999998	0.6147180265972019
208776.4	0.610131150226462
209078.1	0.6054877157030052
209379.8	0.6007873554173898
209681.5	0.5960296537501804
209983.19999999998	0.5912141450543943
210284.9	0.5863403114760397
210586.6	0.5814075805961559
210888.3	0.576415322875965
211190.	0.5713628488847344
211491.69999999998	0.5662494062876188
211793.4	0.561074176568111
212095.1	0.5558362714566811
212396.8	0.5505347290337103
212698.5	0.5451685094707815
213000.19999999998	0.5397364903698145
213301.9	0.5342374616541171
213603.6	0.5286701199592815
213905.3	0.5230330624646403
214207.	0.5173247800975871
214508.69999999998	0.5115436500332966
214810.4	0.5056879274008679
215112.1	0.499755736093417
215413.8	0.4937450585636841
215715.5	0.4876537244678152
216017.19999999998	0.48147939799756795
216318.9	0.4752195637142711
216620.6	0.4688715106658077
216922.3	0.4624323145290674
217224.	0.45589881747346683
217525.69999999998	0.44926760538415
217827.4	0.4425349820136861
218129.1	0.43569693954552813
218430.8	0.42874912494640255
218732.5	0.42168680135306436
219034.19999999998	0.41450480357371167
219335.9	0.40719748657612226
219637.6	0.3997586655699751
219939.3	0.39218154595204185
220241.	0.3844586409451463
220542.69999999998	0.37658167419143046
220844.4	0.36854146380953773
221146.1	0.3603277834266127
221447.8	0.3519291943523725
221749.5	0.3433328412324894
222051.19999999998	0.3345242009923582
222352.9	0.3254867713439455
222654.6	0.31620168009196814
222956.3	0.3066471891792634
223258.	0.2967980566319108
223559.69999999998	0.28662470328957274
223861.4	0.27609210602636497
224163.1	0.26515829912269306
224464.8	0.2537722997348871
224766.5	0.24187116161975442
225068.19999999998	0.22937566296603223
225369.9	0.21618376462648922
225671.6	0.20216024444607453
225973.3	0.1871193609366159
226275.	0.17079378816124346
226576.69999999998	0.15277361354261143
226878.4	0.13237014332719446
227180.1	0.10824589409234447
227481.8	0.07698152132578492
227783.5	0.012215527303523176
228085.19999999998	0.
228386.9	0.
228688.6	0.
228990.3	0.
229292.	0.
229593.69999999998	0.
229895.4	0.
230197.1	0.
230498.8	0.
230800.5	0.
231102.19999999998	0.
231403.9	0.
231705.59999999998	0.
232007.3	0.
232309.	0.
232610.69999999998	0.
232912.4	0.
233214.09999999998	0.
233515.8	0.
233817.5	0.
234119.19999999998	0.
234420.9	0.
234722.59999999998	0.
235024.3	0.
235326.	0.
235627.69999999998	0.
235929.4	0.
236231.09999999998	0.
236532.8	0.
236834.5	0.
237136.19999999998	0.
237437.9	0.
237739.59999999998	0.
238041.3	0.
238343.	0.
238644.69999999998	0.
238946.4	0.
239248.09999999998	0.
239549.8	0.
239851.5	0.
240153.19999999998	0.
240454.9	0.
240756.59999999998	0.
241058.3	0.
241360.	0.
241661.69999999998	0.
241963.4	0.
242265.09999999998	0.
242566.8	0.
242868.5	0.
243170.19999999998	0.
243471.9	0.
243773.59999999998	0.
244075.3	0.
244377.	0.
244678.69999999998	0.
244980.4	0.
245282.09999999998	0.
245583.8	0.
245885.5	0.
246187.19999999998	0.
246488.9	0.
246790.59999999998	0.
247092.3	0.
247394.	0.
247695.69999999998	0.
247997.4	0.
248299.09999999998	0.
248600.8	0.
248902.5	0.
249204.19999999998	0.
249505.9	0.
249807.59999999998	0.
250109.3	0.
250411.	0.
250712.69999999998	0.
251014.4	0.
251316.09999999998	0.
251617.8	0.
251919.5	0.
252221.19999999998	0.
252522.9	0.
252824.59999999998	0.
253126.3	0.
253428.	0.
253729.69999999998	0.
254031.4	0.
254333.09999999998	0.
254634.8	0.
254936.5	0.
255238.19999999998	0.
255539.9	0.
255841.59999999998	0.
256143.3	0.
256445.	0.
256746.69999999998	0.
257048.4	0.
257350.09999999998	0.
257651.8	0.
257953.5	0.
258255.19999999998	0.
258556.9	0.
258858.59999999998	0.
259160.3	0.
259462.	0.
259763.69999999998	0.
260065.4	0.
260367.09999999998	0.
260668.8	0.
260970.5	0.
261272.19999999998	0.
261573.9	0.
261875.59999999998	0.
262177.3	0.
262479.	0.
262780.7	0.
263082.39999999997	0.
263384.1	0.
263685.8	0.
263987.5	0.
264289.2	0.
264590.89999999997	0.
264892.6	0.
265194.3	0.
265496.	0.
265797.7	0.
266099.39999999997	0.
266401.1	0.
266702.8	0.
267004.5	0.
267306.2	0.
267607.89999999997	0.
267909.6	0.
268211.3	0.
268513.	0.
268814.7	0.
269116.39999999997	0.
269418.1	0.
269719.8	0.
270021.5	0.
270323.2	0.
270624.89999999997	0.
270926.6	0.
271228.3	0.
271530.	0.
271831.7	0.
272133.39999999997	0.
272435.1	0.
272736.8	0.
273038.5	0.
273340.2	0.
273641.89999999997	0.
273943.6	0.
274245.3	0.
274547.	0.
274848.7	0.
275150.39999999997	0.
275452.1	0.
275753.8	0.
276055.5	0.
276357.2	0.
276658.89999999997	0.
276960.6	0.
277262.3	0.
277564.	0.
277865.7	0.
278167.39999999997	0.
278469.1	0.
278770.8	0.
279072.5	0.
279374.2	0.
279675.89999999997	0.
279977.6	0.
280279.3	0.
280581.	0.
280882.7	0.
281184.39999999997	0.
281486.1	0.
281787.8	0.
282089.5	0.
282391.2	0.
282692.89999999997	0.
282994.6	0.
283296.3	0.
283598.	0.
283899.7	0.
284201.39999999997	0.
284503.1	0.
284804.8	0.
285106.5	0.
285408.2	0.
285709.89999999997	0.
286011.6	0.
286313.3	0.
286615.	0.
286916.7	0.
287218.39999999997	0.
287520.1	0.
287821.8	0.
288123.5	0.
288425.2	0.
288726.89999999997	0.
289028.6	0.
289330.3	0.
289632.	0.
289933.7	0.
290235.39999999997	0.
290537.1	0.
290838.8	0.
291140.5	0.
291442.2	0.
291743.89999999997	0.
292045.6	0.
292347.3	0.
292649.	0.
292950.7	0.
293252.39999999997	0.
293554.1	0.
293855.8	0.
294157.5	0.
294459.2	0.
294760.89999999997	0.
295062.6	0.
295364.3	0.
295666.	0.
295967.7	0.
296269.39999999997	0.
296571.1	0.
296872.8	0.
297174.5	0.
297476.2	0.
297777.89999999997	0.
298079.6	0.
298381.3	0.
298683.	0.
298984.7	0.
299286.39999999997	0.
299588.1	0.
299889.8	0.
300191.5	0.
300493.2	0.048423155926909954
300794.89999999997	0.0901506729940774
301096.6	0.11799749540278372
301398.3	0.1404748235864202
301700.	0.15986251494394554
302001.7	0.17717654903189153
302303.39999999997	0.1929747919397953
302605.1	0.20760255654598592
302906.8	0.22129111315559008
303208.5	0.23420428673328728
303510.2	0.246463109651622
303811.89999999997	0.2581599756583078
304113.6	0.2693672911526785
304415.3	0.2801430320029789
304717.	0.29053445968713704
305018.7	0.3005806911027438
305320.39999999997	0.31031452659888475
305622.1	0.3197637821755891
305923.8	0.3289522808797039
306225.5	0.33790060421168505
306527.2	0.3466266709072069
306828.89999999997	0.355146189193811
307130.6	0.3634730147462116
307432.3	0.3716194372941281
307734.	0.37959641251345044
308035.7	0.38741375143675516
308337.39999999997	0.39508027651198663
308639.1	0.4026039512072555
308940.8	0.4099919884349449
309242.5	0.4172509418698179
309544.2	0.424386783340854
309845.89999999997	0.43140496880100626
310147.6	0.4383104948639386
310449.3	0.4451079475000365
310751.	0.45180154417594803
311052.7	0.45839517048054124
311354.39999999997	0.46489241208968957
311656.1	0.4712965827708938
311957.8	0.4776107490074486
312259.5	0.48383775172429816
312561.2	0.4899802255184527
312862.89999999997	0.496040615732406
313164.6	0.5020211936559976
313466.3	0.5079240700986914
313768.	0.5137512075380745
314069.7	0.5195044310204577
314371.39999999997	0.525185437964309
314673.1	0.5307958069963273
314974.8	0.536337005932155
315276.5	0.5418103989988411
315578.2	0.5472172533834301
315879.89999999997	0.5525587451812262
316181.6	0.5578359648080883
316483.3	0.5630499219331675
316785.	0.5682015499817122
317086.7	0.5732917102517104
317388.39999999997	0.5783211956830716
317690.1	0.5832907343136841
317991.8	0.5882009924528308
318293.5	0.5930525775992295
318595.2	0.5978460411279771
318896.89999999997	0.6025818807682128
319198.6	0.6072605428911374
319500.3	0.6118824246260064
319802.	0.6164478758201482
320103.7	0.62095720085746
320405.39999999997	0.6254106603486088
320707.1	0.6298084727049924
321008.8	0.6341508156075211
321310.5	0.6384378273803833
321612.2	0.6426696082792335
321913.89999999997	0.6468462217025145
322215.6	0.6509676953340933
322517.3	0.6550340222248273
322819.	0.6590451618203099
323120.7	0.6630010409416008
323422.39999999997	0.6669015547254853
323724.1	0.6707465675305113
324025.8	0.6745359138148447
324327.5	0.6782693989918253
324629.2	0.681946800268962
324930.89999999997	0.6855678674760046
325232.6	0.6891323238876972
325534.3	0.692639867046766
325836.	0.6960901695927283
326137.7	0.6994828801021081
326439.39999999997	0.7028176239457447
326741.1	0.7060940041689371
327042.8	0.7093116024002997
327344.5	0.7124699797953203
327646.2	0.715568678020783
327947.89999999997	0.7186072202863885
328249.6	0.7215851124300776
328551.3	0.7245018440638012
328853.	0.7273568897866727
329154.7	0.7301497104726925
329456.39999999997	0.732879754640449
329758.1	0.7355464599124671
330059.8	0.7381492545721065
330361.5	0.7406875592261637
330663.2	0.7431607885815523
330964.89999999997	0.7455683533446745
331266.6	0.7479096622522953
331568.3	0.7501841242428832
331870.	0.7523911507775705
332171.7	0.7545301583199299
332473.39999999997	0.7566005709838459
332775.1	0.7586018233587218
333076.8	0.7605333635211643
333378.5	0.7623946562420896
333680.2	0.7641851863979058
333981.89999999997	0.7659044625939823
334283.6	0.7675520210080496
334585.3	0.7691274294604343
334887.	0.7706302917170933
335188.7	0.7720602520302866
335490.39999999997	0.7734169999203294
335792.1	0.7747002752002192
336093.8	0.7759098732430088
336395.5	0.7770456504895122
336697.2	0.778107530191323
336998.89999999997	0.779095508381146
337300.6	0.780009660059012
337602.3	0.7808501455791271
337904.	0.7816172172178318
338205.7	0.7823112258983392
338507.39999999997	0.782932628042708
338809.1	0.7834819925157455
339110.8	0.7839600076193023
339412.5	0.7843674880887223
339714.2	0.7847053820360725
340015.89999999997	0.7849747777772237
340317.6	0.7851769104720016
340619.3	0.7853131684984965
340921.	0.7853850994743956
341222.7	0.7853944158299467
341524.39999999997	0.7853429998291034
341826.1	0.7852329079277027
342127.8	0.7850663743504369
342429.5	0.7848458137621106
342731.2	0.7845738229036086
343032.89999999997	0.7842531810593417
343334.6	0.7838868492211039
343636.3	0.783477967813602
343938.	0.7830298528497378
344239.7	0.7825459903894476
344541.39999999997	0.7820300291848213
344843.1	0.781485771406686
345144.8	0.7809171613640602
345446.5	0.7803282721481153
345748.2	0.7797232901565314
346049.89999999997	0.7791064974824866
346351.6	0.778482252184728
346653.3	0.7778549664910396
346955.	0.7772290830263755
347256.7	0.7766090491984561
347558.39999999997	0.7759992899167985
347860.1	0.7754041788650697
348161.8	0.774828008590152
348463.5	0.7742749597131091
348765.2	0.7737490696059965
349066.89999999997	0.77325420091277
349368.6	0.7727940103209525
349670.3	0.7723719180119595
349972.	0.7719910782307711
350273.7	0.7716543514190333
350575.39999999997	0.7713642783488464
350877.1	0.7711230566771248
351178.8	0.7709325203122691
351480.5	0.7707941219464687
351782.2	0.7707089190587785
352083.89999999997	0.7706775636374295
352385.6	0.7707002958059918
352687.3	0.7707769414688055
352989.	0.7709069140184813
353290.7	0.7710892200744343
353592.39999999997	0.7713224691484218
353894.1	0.7716048870632167
354195.8	0.7719343328856926
354497.5	0.7723083190776866
354799.2	0.7727240345183782
355100.89999999997	0.7731783700118909
355402.6	0.7736679458640138
355704.3	0.7741891410928294
356006.	0.7747381238295721
356307.7	0.7753108824678145
356609.39999999997	0.7759032571304652
356911.1	0.7765109710439956
357212.8	0.7771296614366998
357514.5	0.7777549096112194
357816.2	0.7783822698797258
358117.89999999997	0.7790072970915637
358419.6	0.779625572526453
358721.3	0.780232727970301
359023.	0.7808244678340324
359324.7	0.7813965892176821
359626.39999999997	0.781944999861436
359928.1	0.7824657339616554
360229.8	0.7829549658627963
360531.5	0.7834090216650488
360833.2	0.7838243888124912
361134.89999999997	0.784197723747385
361436.6	0.7845258577330947
361738.3	0.78480580096117
362040.	0.7850347450675894
362341.7	0.7852100641893663
362643.39999999997	0.7853293146959928
362945.1	0.7853902337308839
363246.8	0.7853907366964796
363548.5	0.7853289138132675
363850.2	0.7852030258781356
364151.89999999997	0.7850114993413402
364453.6	0.7847529208144381
364755.3	0.7844260311138764
365057.	0.7840297189369346
365358.7	0.7835630142584816
365660.39999999997	0.7830250815287636
365962.1	0.7824152127442843
366263.8	0.7817328204559418
366565.5	0.7809774307709751
366867.2	0.7801486763980711
367168.89999999997	0.779246289778203
367470.6	0.7782700963374671
367772.3	0.777220007892358
368074.	0.7760960162325948
368375.7	0.7748981869017713
368677.39999999997	0.773626653191727
368979.1	0.7722816103626435
369280.8	0.7708633100973901
369582.5	0.7693720551955854
369884.2	0.7678081945101808
370185.89999999997	0.7661721181270388
370487.6	0.7644642527859868
370789.3	0.76268505754017
371091.	0.7608350196490455
371392.7	0.758914650699241
371694.39999999997	0.7569244829464904
371996.1	0.7548650658711268
372297.8	0.7527369629389875
372599.5	0.7505407485591475
372901.2	0.7482770052295776
373202.89999999997	0.7459463208615917
373504.6	0.7435492862738803
373806.3	0.7410864928468385
374108.	0.7385585303279617
374409.7	0.7359659847791761
374711.39999999997	0.7333094366570834
375013.1	0.7305894590172851
375314.8	0.7278066158341542
375616.5	0.7249614604276245
375918.2	0.7220545339888192
376219.89999999997	0.7190863641965628
376521.6	0.7160574639170864
376823.3	0.7129683299794656
377125.	0.7098194420195728
377426.7	0.7066112613855658
377728.39999999997	0.7033442300981426
378030.1	0.700018769859021
378331.8	0.6966352811012738
378633.5	0.6931941420753485
378935.2	0.6896957079647332
379236.89999999997	0.6861403100253993
379538.6	0.6825282547432319
379840.3	0.67885982300379
380142.	0.6751352692687573
380443.7	0.6713548207535271
380745.39999999997	0.6675186766003443
381047.1	0.6636270070414417
381348.8	0.6596799525465045
381650.5	0.6556776229487546
381952.2	0.6516200965438192
382253.89999999997	0.6475074191553405
382555.6	0.6433396031611265
382857.3	0.6391166264733679
383159.	0.6348384314661207
383460.7	0.6305049238429147
383762.39999999997	0.626115971436924
384064.1	0.6216714029356118
384365.8	0.6171710065212289
384667.5	0.6126145284178461
384969.2	0.6080016713348958
385270.89999999997	0.6033320927963002
385572.6	0.5986054033432758
385874.3	0.5938211645978574
386176.	0.5889788871727942
386477.7	0.5840780284121292
386779.39999999997	0.5791179899450406
387081.1	0.5740981150336875
387382.8	0.5690176856936069
387684.5	0.5638759195627733
387986.2	0.5586719664925862
388287.89999999997	0.553404904830842
388589.6	0.5480737373629901
388891.3	0.5426773868737363
389193.	0.5372146912860462
389494.7	0.5316843983289611
389796.39999999997	0.5260851596789141
390098.1	0.5204155245115997
390399.8	0.514673932392369
390701.5	0.5088587054226276
391003.2	0.5029680395473238
391304.89999999997	0.49699999491402813
391606.6	0.49095248515689505
391908.3	0.4848232654583234
392210.	0.47860991921677243
392511.7	0.4723098431200671
392813.39999999997	0.4659202303884631
393115.1	0.4594380519095254
393416.8	0.4528600349355614
393718.5	0.44618263895188515
394020.2	0.4394020282475704
394321.89999999997	0.4325140406259584
394623.6	0.42551415157511524
394925.3	0.41839743307232313
395227.	0.41115850601315407
395528.7	0.4037914850234153
395830.39999999997	0.3962899141160828
396132.1	0.388646691274495
396433.8	0.3808539795493344
396735.5	0.37290310161030915
397037.2	0.3647844138384433
397338.89999999997	0.3564871549018237
397640.6	0.34799926221112604
397942.3	0.3393071475324152
398244.	0.3303954200903729
398545.7	0.3212465413413906
398847.39999999997	0.31184038963663346
399149.1	0.30215370428589533
399450.8	0.29215936554100125
399752.5	0.28182544718659946
400054.2	0.27111394736727173
400355.89999999997	0.2599790531934276
400657.6	0.24836471115783892
400959.3	0.23620113068230422
401261.	0.22339958579034608
401562.7	0.2098443782673206
401864.39999999997	0.1953798024162946
402166.1	0.17978769083867477
402467.8	0.16274559188705354
402769.5	0.14374015567029072
403071.2	0.12185790987121453
403372.89999999997	0.09513623328048501
403674.6	0.057151654853011005
403976.3	0.
404278.	0.
404579.7	0.
404881.39999999997	0.
405183.1	0.
405484.8	0.
405786.5	0.
406088.2	0.
406389.89999999997	0.
406691.6	0.
406993.3	0.
407295.	0.
407596.7	0.
407898.39999999997	0.
408200.1	0.
408501.8	0.
408803.5	0.
409105.2	0.
409406.89999999997	0.
409708.6	0.
410010.3	0.
410312.	0.
410613.7	0.
410915.39999999997	0.
411217.1	0.
411518.8	0.
411820.5	0.
412122.2	0.
412423.89999999997	0.
412725.6	0.
413027.3	0.
413329.	0.
413630.7	0.
413932.39999999997	0.
414234.1	0.
414535.8	0.
414837.5	0.
415139.2	0.
415440.89999999997	0.
415742.6	0.
416044.3	0.
416346.	0.
416647.7	0.
416949.39999999997	0.
417251.1	0.
417552.8	0.
417854.5	0.
418156.2	0.
418457.89999999997	0.
418759.6	0.
419061.3	0.
419363.	0.
419664.7	0.
419966.39999999997	0.
420268.1	0.
420569.8	0.
420871.5	0.
421173.2	0.
421474.89999999997	0.
421776.6	0.
422078.3	0.
422380.	0.
422681.7	0.
422983.39999999997	0.
423285.1	0.
423586.8	0.
423888.5	0.
424190.2	0.
424491.89999999997	0.
424793.6	0.
425095.3	0.
425397.	0.
425698.7	0.
426000.39999999997	0.
426302.1	0.
426603.8	0.
426905.5	0.
427207.2	0.
427508.89999999997	0.
427810.6	0.
428112.3	0.
428414.	0.
428715.7	0.
429017.39999999997	0.
429319.1	0.
429620.8	0.
429922.5	0.
430224.2	0.
430525.89999999997	0.
430827.6	0.
431129.3	0.
431431.	0.
431732.7	0.
432034.39999999997	0.
432336.1	0.
432637.8	0.
432939.5	0.
433241.2	0.
433542.89999999997	0.
433844.6	0.
434146.3	0.
434448.	0.
434749.7	0.
435051.39999999997	0.
435353.1	0.
435654.8	0.
435956.5	0.
436258.2	0.
436559.89999999997	0.
436861.6	0.
437163.3	0.
437465.	0.
437766.7	0.
438068.39999999997	0.
438370.1	0.
438671.8	0.
438973.5	0.
439275.2	0.
439576.89999999997	0.
439878.6	0.
440180.3	0.
440482.	0.
440783.7	0.
441085.39999999997	0.
441387.1	0.
441688.8	0.
441990.5	0.
442292.2	0.
442593.89999999997	0.
442895.6	0.
443197.3	0.
443499.	0.
443800.7	0.
444102.39999999997	0.
444404.1	0.
444705.8	0.
445007.5	0.
445309.2	0.
445610.89999999997	0.
445912.6	0.
446214.3	0.
446516.	0.
446817.7	0.
447119.39999999997	0.
447421.1	0.
447722.8	0.
448024.5	0.
448326.2	0.
448627.89999999997	0.
448929.6	0.
449231.3	0.
449533.	0.
449834.7	0.
450136.39999999997	0.
450438.1	0.
450739.8	0.
451041.5	0.
451343.2	0.
451644.89999999997	0.
451946.6	0.
452248.3	0.
452550.	0.
452851.7	0.
453153.39999999997	0.
453455.1	0.
453756.8	0.
454058.5	0.
454360.2	0.
454661.89999999997	0.
454963.6	0.
455265.3	0.
455567.	0.
455868.7	0.
456170.39999999997	0.
456472.1	0.
456773.8	0.
457075.5	0.
457377.2	0.
457678.89999999997	0.
457980.6	0.
458282.3	0.
458584.	0.
458885.7	0.
459187.39999999997	0.
459489.1	0.
459790.8	0.
460092.5	0.
460394.2	0.
460695.89999999997	0.
460997.6	0.
461299.3	0.
461601.	0.
461902.7	0.
462204.39999999997	0.
462506.1	0.
462807.8	0.
463109.5	0.
463411.19999999995	0.
463712.89999999997	0.
464014.6	0.
464316.3	0.
464618.	0.
464919.69999999995	0.
465221.39999999997	0.
465523.1	0.
465824.8	0.
466126.5	0.
466428.19999999995	0.
466729.89999999997	0.
467031.6	0.
467333.3	0.
467635.	0.
467936.69999999995	0.
468238.39999999997	0.
468540.1	0.
468841.8	0.
469143.5	0.
469445.19999999995	0.
469746.89999999997	0.
470048.6	0.
470350.3	0.
470652.	0.
470953.69999999995	0.
471255.39999999997	0.
471557.1	0.
471858.8	0.
472160.5	0.
472462.19999999995	0.
472763.89999999997	0.
473065.6	0.
473367.3	0.
473669.	0.
473970.69999999995	0.
474272.39999999997	0.
474574.1	0.
474875.8	0.
475177.5	0.
475479.19999999995	0.
475780.89999999997	0.
476082.6	0.
476384.3	0.
476686.	0.0707361411323791
476987.69999999995	0.1038864866877046
477289.39999999997	0.12882131834341037
477591.1	0.14970227170247277
477892.8	0.1680461083818746
478194.5	0.18460954077210298
478496.19999999995	0.19983470750340687
478797.89999999997	0.21400643113465334
479099.6	0.22732087928312086
479401.3	0.23991992380447733
479703.	0.251910071002908
480004.69999999995	0.2633736693499789
480306.39999999997	0.2743759275556799
480608.1	0.284969511325672
480909.8	0.2951976674972379
481211.5	0.3050964139885617
481513.19999999995	0.3146961157576368
481814.89999999997	0.32402264483739435
482116.6	0.33309825116951136
482418.3	0.34194222771768795
482720.	0.3505714262789521
483021.69999999995	0.3590006629928935
483323.39999999997	0.3672430410546031
483625.1	0.3753102103826226
483926.8	0.3832125786564967
484228.5	0.3909594843992929
484530.19999999995	0.39855934011756977
484831.89999999997	0.40601975158636117
485133.6	0.41334761795645897
485435.3	0.42054921631506054
485737.	0.4276302735453596
486038.69999999995	0.43459602773534756
486340.39999999997	0.44145128092950653
486642.1	0.4482004446645038
486943.8	0.45484757945486093
487245.5	0.46139642917828594
487547.19999999995	0.46785045113920876
487848.89999999997	0.47421284245238277
488150.6	0.48048656327876293
488452.3	0.48667435735733683
488754.	0.49277877020446975
489055.69999999995	0.4988021652935602
489357.39999999997	0.5047467384793898
489659.1	0.5106145308916733
489960.8	0.5164074404891545
490262.5	0.5221272324380031
490564.19999999995	0.5277755484551833
490865.89999999997	0.5333539152380038
491167.6	0.5388637520847033
491469.3	0.5443063777970608
491771.	0.5496830169442322
492072.69999999995	0.5549948055569047
492374.39999999997	0.5602427963123885
492676.1	0.5654279632637166
492977.8	0.5705512061596797
493279.5	0.5756133543970618
493581.19999999995	0.5806151706417205
493882.89999999997	0.585557354151027
494184.6	0.5904405438265729
494486.3	0.595265321023024
494788.	0.6000322121362032
495089.69999999995	0.6047416909911754
495391.39999999997	0.6093941810490374
495693.1	0.6139900574492405
495994.8	0.6185296489027861
496296.5	0.6230132394501084
496598.19999999995	0.627441070096374
496899.89999999997	0.631813340335716
497201.6	0.636130209575091
497503.3	0.6403917984675378
497805.	0.6445981901639528
498106.69999999995	0.6487494314918243
498408.39999999997	0.6528455340688549
498710.1	0.656886475358882
499011.8	0.6608721996771663
499313.5	0.6648026191517153
499615.19999999995	0.6686776146470157
499916.89999999997	0.672497036656382
500218.6	0.6762607061688225
500520.3	0.6799684155162685
500822.	0.6836199292068452
501123.69999999995	0.6872149847498112
501425.39999999997	0.6907532934777187
501727.1	0.6942345413713975
502028.8	0.6976583898933046
502330.5	0.7010244768348981
502632.19999999995	0.7043324171837319
502933.89999999997	0.7075818040160793
503235.6	0.7107722094209911
503537.3	0.7139031854618917
503839.	0.7169742651819171
504140.69999999995	0.7199849636594222
504442.39999999997	0.7229347791202696
504744.1	0.7258231941137231
505045.8	0.7286496767590158
505347.5	0.7314136820698443
505649.19999999995	0.7341146533643622
505950.89999999997	0.7367520237684104
506252.6	0.7393252178200269
506554.3	0.7418336531834839
506856.	0.7442767424813385
507157.69999999995	0.7466538952532017
507459.39999999997	0.7489645200501256
507761.1	0.7512080266736391
508062.8	0.75338382856864
508364.5	0.7554913453793579
508666.19999999995	0.7575300056776795
508967.89999999997	0.7594992498730317
509269.6	0.7613985333128849
509571.3	0.7632273295827082
509873.	0.7649851340138406
510174.69999999995	0.766671467407243
510476.39999999997	0.7682858799804656
510778.1	0.7698279555443184
511079.8	0.7712973159147247
511381.5	0.7726936255639868
511683.19999999995	0.7740165965141701
511984.89999999997	0.7752659934735749
512286.6	0.7764416392151311
512588.3	0.777543420193179
512890.	0.7785712923922643
513191.69999999995	0.7795252873984391
513493.39999999997	0.7804055186799416
513795.1	0.7812121880600752
514096.8	0.7819455923606301
514398.5	0.7826061301891749
514700.19999999995	0.7831943088380757
515001.89999999997	0.7837107512571393
515303.6	0.7841562030553125
515605.3	0.7845315394799713
515907.	0.7848377723149905
516208.69999999995	0.7850760566310964
516510.39999999997	0.7852476973139918
516812.1	0.7853541552875832
517113.8	0.7853970533413485
517415.5	0.7853781814627266
517717.19999999995	0.785299501567471
518018.89999999997	0.7851631515134668
518320.6	0.7849714482767696
518622.3	0.7847268901628607
518924.	0.7844321579216625
519225.69999999995	0.784090114631992
519527.39999999997	0.7837038042202435
519829.1	0.7832764484795333
520130.8	0.7828114424596283
520432.5	0.7823123481051655
520734.19999999995	0.7817828860301431
521035.89999999997	0.7812269253308652
521337.6	0.7806484713575489
521639.3	0.7800516513868734
521941.	0.779440698163915
522242.69999999995	0.7788199313120567
522544.39999999997	0.7781937366433921
522846.1	0.777566543439508
523147.8	0.7769427998127655
523449.5	0.7763269463005699
523751.19999999995	0.7757233878887938
524052.89999999997	0.7751364647043869
524354.6	0.7745704216600738
524656.2999999999	0.7740293773746348
524958.	0.7735172927291318
525259.7	0.7730379394512192
525561.4	0.7725948691449447
525863.1	0.772191383200936
526164.7999999999	0.7718305040304453
526466.5	0.7715149480654906
526768.2	0.7712471009556985
527069.9	0.7710289953700848
527371.6	0.7708622917791043
527673.2999999999	0.7707482625492573
527975.	0.7706877796303049